1
633
744
1804
1867
5738
7756
10031
10361
11310
11995
12024
12226
12594
13719
13844
21393
22453
22953
24528
28160
29004
29597
30042
30596
31882
34015
35052
37038
37571
42181
44239
46142
46359
47778
50059
50753
52955
53973
54122
54472
54856
57001
60247
60711
60728
66008
66371
69232
70332
70520
71847
71933
72004
72024
72200
72675
72702
72732
79365
82725
84516
84873
87303
88203
88497
90061
90264
92773
93521
95233
99640
100109
105687
105787
105908
105978
107102
107203
108950
109565
110309
112039
116987
117276
120822
122473
124020
126263
126715
128988
131449
131615
135427
140470
141479
146146
150379
150485
155710
155947
156819
157604
157884
160456
160491
162817
162825
163172
163805
165137
168087
168240
168811
170523
173492
173669
174710
174785
175157
175401
175896
184318
186959
190321
191184
192858
197272
198825
198865
199135
200987
201118
202430
202472
202605
203206
203292
203719
204447
205634
207829
208922
209053
209339
209579
210749
211140
213874
216148
216246
217822
218730
218807
219099
219196
219837
224389
225824
227487
228249
228335
230266
230627
231630
231733
231843
237967
244480
245134
246019
246711
247286
247699
248422
250316
250685
252751
253091
254519
254974
255369
256567
258443
259538
261970
262458
264816
265223
270373
270438
273875
274753
277019
285157
291855
291954
292094
292761
293502
295968
296394
296948
297192
297970
300412
300760
304804
305458
305818
305909
311600
311834
312036
313047
313543
315594
319520
321657
325874
326139
326161
326183
326450
328973
333714
334609
334636
335299
338609
338846
339341
339811
340262
340297
344691
346806
347003
354778
357572
361200
362197
366082
366210
367156
368290
368453
376215
376380
376711
378747
378987
379319
379391
379640
379993
381268
383623
383715
384062
385257
388710
393876
397239
398689
404257
404352
406024
406181
408404
408955
410446
411865
415884
416070
418125
418245
418850
420896
421013
423371
424907
427407
431087
431173
431951
432146
432438
433994
436262
436330
436394
436618
436708
437420
437613
438772
439161
439194
441589
441873
441897
442600
446134
446488
446588
446950
447143
447394
447641
447831
448141
448250
448645
449083
452511
452552
452560
452795
454492
455000
455100
455630
460470
460949
461120
461728
461985
462097
467213
467342
467489
467610
470502
471014
471179
474681
475110
475233
479754
482795
484299
484323
484442
485956
493607
497878
498958
501540
501667
502532
506731
510725
516859
518363
518497
519193
519957
520114
522250
530372
530472
534186
534316
534560
534886
534922
535030
535396
537610
541723
542655
543755
545044
545146
546769
547270
550209
550385
570004
574985
578065
578270
578497
578771
591352
591469
592310
592736
593334
593641
593963
594555
594765
595005
595213
597490
598617
599260
599604
600075
600645
601548
601912
605164
606635
606745
608530
608632
608846
610279
611079
611999
614641
618424
618447
620432
620521
621076
622998
624749
625525
625967
627502
627666
628344
630898
631143
635189
635361
636121
636519
638907
642825
644993
648122
648694
651416
651556
652296
655269
659461
662608
663727
664335
666856
667051
668959
671946
672083
674027
674168
674320
674644
674911
675047
675484
677873
678954
679062
681178
681938
683692
684957
686012
686129
694852
696128
709469
712332
713039
716710
718632
718942
719353
719409
722197
723151
725540
732005
733338
733683
733787
734234
734320
738183
738610
738791
738908
739004
739606
742535
742702
744586
745640
745921
752262
753738
754023
754149
754247
754515
754610
754833
759882
763142
764760
770133
770619
773200
775862
778458
778536
778633
778728
779471
782218
782893
783449
783553
784009
789146
790112
790344
792071
797142
797269
799814
800250
800592
800752
810729
810887
813694
813994
815364
817737
821605
821693
831505
831683
834600
839608
842591
842731
842873
843435
844541
845376
848276
848362
848514
848780
851947
852258
852477
852503
852870
854034
856260
857311
857481
859102
861767
861806
863529
863683
863692
864419
866744
870665
870784
870833
872272
872736
872783
875099
875194
877102
877997
883564
883778
884216
890848
891439
895404
900276
901642
902557
904632
904756
907620
909095
910356
910587
910840
910966
915037
915305
915628
916244
923238
925092
927643
927757
927899
928177
929007
930859
932984
933162
942031
942186
944976
945029
948835
949345
953914
954179
954377
955652
957775
957825
958169
958279
958315
958480
958562
958970
960714
960805
961464
963065
964438
965227
965702
966460
969571
970716
973061
974712
978171
978429
979627
979999
982433
988155
991420
993752
998084
1001843
1001983
1002298
1003664
1003824
1004264
1007669
1008762
1008801
1010419
1011116
1015316
1017330
1018222
1018496
1019630
1020458
1021061
1021912
1022227
1023428
1024886
1025881
1025961
1026526
1027325
1028384
1028611
1029113
1029191
1032706
1032739
1033380
1033664
1035490
1036577
1037478
1037503
1038823
1039530
1040765
1041218
1043509
1045924
1047470
1047866
1048149
1048434
1049554
1050554
1050777
1053600
1053721
1056632
1058012
1060504
1060830
1062791
1064817
1065939
1066129
1067894
1067914
1067941
1074651
1074990
1075086
1075222
1075856
1076014
1077202
1078409
1081010
1085123
1085288
1087005
1088405
1090132
1090505
1092615
1092925
1093308
1096784
1096813
1096949
1096970
1097538
1097591
1101730
1102070
1102096
1102234
1102295
1102838
1103118
1107336
1108031
1108156
1108614
1110045
1111854
1112610
1121816
1122397
1123862
1124184
1124830
1129895
1130245
1130507
1132304
1132946
1133068
1134000
1134377
1134467
1136117
1136252
1136504
1138176
1138531
1138715
1139815
1140798
1140887
1141028
1142254
1144020
1145076
1145371
1145404
1147179
1148054
1151398
1151649
1152551
1154600
1155102
1155468
1162135
1163665
1164812
1169517
1169851
1170867
1171375
1176770
1176859
1177056
1179011
1179137
1179297
1179347
1179494
1179718
1180559
1182389
1182688
1183911
1184007
1184160
1184616
1184798
1184882
1187015
1187952
1188209
1188878
1190925
1194628
1197717
1198192
1198437
1202999
1203162
1203423
1206216
1206435
1207986
1209812
1210395
1211454
1220940
1224053
1225446
1230916
1230933
1230958
1231103
1231194
1231268
1235994
1236968
1237639
1238249
1239607
1241436
1248880
1248905
1249067
1255521
1260565
1262685
1263013
1264795
1265108
1266512
1268079
1268536
1268614
1269086
1271173
1274546
1275666
1276231
1276283
1276445
1276470
1276590
1279566
1282653
1286813
1288484
1288519
1295091
1297823
1298399
1299403
1300072
1306905
1308345
1308451
1308649
1310671
1312521
1313159
1315053
1315590
1318303
1318595
1322100
1324494
1329422
1329912
1330263
1337037
1342449
1342618
1344953
1344983
1345828
1347490
1348676
1353976
1354207
1355367
1357003
1357691
1358917
1359094
1359263
1359305
1359408
1359620
1362891
1363874
1375292
1375507
1375515
1375879
1376493
1376500
1376693
1379831
1379950
1386394
1393315
1393411
1393897
1396735
1398827
1400046
1402545
1403130
1404063
1404313
1404489
1404796
1409584
1411107
1412137
1412328
1413991
1414769
1418235
1418653
1418794
1419072
1420359
1422906
1430414
1430506
1430731
1432607
1434152
1434456
1434882
1436961
1437244
1437446
1441747
1442932
1445109
1445538
1445637
1449047
1451536
1452239
1454526
1454738
1454881
1454974
1455004
1457986
1460515
1461138
1465223
1467332
1470874
1471113
1472937
1475125
1475240
1478054
1478157
1478252
1478711
1486320
1486365
1486430
1490235
1491768
1491931
1492213
1493653
1500857
1502103
1502148
1504761
1505189
1505315
1506981
1512159
1512346
1512726
1513813
1513960
1522385
1527594
1534776
1535399
1535446
1535568
1535719
1535964
1536733
1536878
1538652
1539200
1539378
1541583
1542635
1543564
1544737
1548780
1548855
1549365
1549775
1550589
1553479
1554001
1554521
1555004
1555301
1557000
1557144
1558840
1559033
1560322
1566089
1566318
1567126
1572582
1576535
1576804
1576935
1578840
1579268
1579311
1582096
1582216
1590486
1591576
1600625
1602022
1604312
1608779
1609219
1614306
1616020
1616992
1619550
1619641
1623521
1626962
1628077
1628192
1629170
1630697
1630978
1631298
1631691
1631787
1634417
1643822
1648912
1652831
1656729
1657019
1657538
1659176
1661053
1661349
1661697
1663392
1663420
1663610
1666947
1667701
1668352
1670255
1671310
1673292
1684095
1690986
1692310
1692427
1696629
1696757
1698094
1698851
1699202
1699340
1699538
1703297
1709646
1710232
1710682
1711030
1714251
1717119
1717165
1718278
1723562
1723643
1723713
1723960
1725157
1725746
1726904
1728258
1730688
1731059
1731626
1734679
1734874
1735652
1735781
1746302
1752720
1753077
1755072
1756037
1757305
1757344
1770825
1772779
1773583
1774120
1774668
1776506
1777195
1778902
1779947
1782154
1785661
1785937
1789174
1789205
1792517
1794569
1794722
1795181
1795905
1797180
1797796
1801010
1801170
1801370
1803249
1805899
1809534
1811043
1811347
1811515
1811779
1814410
1814874
1815277
1815734
1818936
1819041
1820778
1820895
1821177
1821916
1822119
1822650
1823964
1825230
1827101
1828031
1828281
1833492
1833629
1835405
1835815
1836752
1841271
1844010
1844188
1846916
1850789
1851100
1851865
1855928
1856537
1859351
1860423
1860488
1863869
1863977
1864100
1864231
1864383
1864755
1867059
1869545
1870252
1881624
1883208
1886178
1886304
1886603
1886742
1887884
1888471
1889012
1891339
1891353
1898127
1898249
1899139
1899829
1901161
1901460
1901659
1902004
1902196
1902454
1903959
1904113
1908959
1911760
1915520
1915630
1915893
1918508
1920159
1920828
1920976
1922624
1925353
1925564
1925640
1927807
1927911
1929399
1929703
1930201
1931894
1935726
1937458
1940691
1940885
1941292
1944383
1944538
1944811
1946344
1948810
1949051
1951651
1953562
1954101
1954411
1955327
1955624
1955758
1957969
1969010
1972540
1978504
1978591
1978753
1985255
1988456
1989264
1989868
1990652
1991080
1991115
1999006
2005676
2006999
2007167
2007198
2007278
2007561
2008388
2008499
2008609
2008953
2015220
2017576
2017801
2020722
2023439
2023793
2024351
2025695
2025895
2026243
2028586
2029086
2029425
2029539
2029544
2029753
2029770
2030213
2032808
2033486
2033514
2037152
2037279
2039638
2041529
2042715
2044185
2045832
2051673
2054158
2055484
2055589
2061582
2067610
2071660
2076361
2076688
2078814
2079599
2079713
2083413
2088003
2089600
2093328
2093660
2097316
2097854
2100023
2105173
2108899
2114517
2115237
2118176
2118526
2120624
2120979
2121060
2121291
2124812
2128129
2128482
2130436
2130487
2130668
2132680
2137919
2144375
2145923
2147199
2148365
2149483
2150311
2151285
2153489
2160163
2161348
2163670
2167462
2170745
2173712
2173862
2174051
2176104
2181744
2185017
2185261
2186375
2186742
2196997
2197138
2197411
2198087
2199290
2199977
2202349
2203972
2208337
2209455
2216939
2219678
2222146
2223049
2224075
2228550
2231843
2239261
2240719
2241569
2241853
2244577
2251188
2252263
2252468
2254364
2254507
2254590
2254835
2259240
2268593
2277935
2279083
2286447
2287691
2287858
2289123
2293913
2295411
2297672
2299153
2299287
2299296
2299350
2300677
2302269
2303012
2304415
2307508
2315035
2328860
2329364
2331630
2331706
2336358
2341816
2342055
2342792
2344867
2345353
2345488
2353409
2354533
2354635
2356301
2359040
2360249
2366385
2366921
2367268
2367367
2370176
2370304
2374788
2381204
2381311
2383381
2386911
2387277
2388399
2389031
2389397
2389741
2393066
2393286
2397701
2406784
2406921
2410018
2419394
2420847
2423111
2423275
2425035
2428821
2429681
2429924
2440000
2444041
2444705
2446685
2446854
2446877
2447494
2451670
2461701
2461885
2464399
2464522
2464982
2465479
2465578
2468232
2472300
2473041
2475351
2477738
2480178
2480975
2481139
2481228
2481620
2481671
2485990
2495428
2497019
2502494
2504820
2507649
2507925
2515613
2515934
2520998
2521417
2523347
2529871
2533918
2538438
2538709
2540173
2544013
2549897
2550905
2551075
2551586
2551760
2554304
2554343
2559694
2561749
2562010
2563053
2574212
2579724
2585658
2587103
2599317
2600562
2600781
2603030
2603178
2606179
2609233
2610997
2611120
2612249
2620730
2620808
2621120
2621521
2629447
2630969
2631256
2634043
2637057
2637144
2639315
2639637
2644401
2646605
2646836
2648500
2650507
2656914
2659788
2660407
2665644
2666488
2666988
2674285
2674447
2678004
2680580
2681227
2685719
2691889
2692351
2696412
2696663
2698788
2698857
2698997
2699072
2700612
2702334
2703152
2705214
2706878
2709263
2709384
2710015
2711918
2712037
2714442
2715585
2717278
2719829
2725352
2727184
2728624
2738570
2741714
2742541
2744112
2744447
2744747
2748370
2749126
2754951
2756906
2757021
2757653
2761339
2761575
2761688
2766355
2767648
2768657
2774794
2776978
2777203
2777375
2782760
2783189
2785903
2790725
2791512
2792152
2792809
2794277
2794995
2798580
2798736
2798790
2803888
2804176
2804525
2807765
2807987
2808119
2814418
2818386
2819853
2823387
2824239
2826103
2826310
2826626
2828263
2830348
2830933
2831116
2832146
2833907
2834299
2836176
2836276
2837157
2840952
2842631
2842990
2843301
2844808
2845943
2848139
2851177
2851766
2852315
2854705
2859860
2863223
2863583
2863747
2868034
2870178
2870592
2870740
2872191
2872282
2876143
2876820
2879282
2879388
2880405
2880534
2880699
2882259
2882274
2882290
2884957
2888116
2889379
2891139
2891232
2899138
2899737
2900655
2901923
2905903
2907797
2908454
2909287
2910669
2911000
2911484
2913129
2914555
2915153
2916346
2917845
2918060
2924127
2926666
2927803
2933441
2937374
2938507
2939554
2941156
2943121
2943742
2944018
2944713
2951479
2954565
2957331
2958769
2959057
2962775
2963593
2966458
2969926
2970229
2975453
2988593
2997856
2998033
2999487
3004445
3007501
3011281
3011615
3011894
3011911
3012028
3012052
3012451
3014591
3020890
3027666
3029686
3029790
3031296
3031392
3032375
3032588
3032761
3032949
3033011
3034605
3035029
3035382
3040318
3040400
3041363
3047366
3050112
3055304
3059668
3063387
3064874
3065971
3067835
3070930
3071067
3073778
3076534
3078108
3078160
3078296
3078330
3081005
3086017
3088707
3089674
3090130
3092308
3093538
3097013
3099167
3099259
3099806
3100763
3105249
3107630
3117709
3120819
3131510
3135781
3138737
3140147
3143983
3144340
3146231
3147056
3148877
3152418
3157946
3158065
3158383
3163975
3164108
3166312
3166443
3166845
3168970
3171660
3174230
3176849
3177613
3177713
3178889
3182361
3182772
3186015
3186339
3199492
3202777
3204702
3211163
3211210
3211275
3212271
3212862
3214062
3214564
3215798
3215903
3217012
3217053
3217943
3218121
3218888
3221794
3224392
3227862
3229193
3231643
3232381
3245186
3247730
3253620
3256718
3259258
3263722
3266508
3270462
3272197
3273769
3275186
3282581
3283284
3283294
3284108
3284474
3284531
3284556
3284752
3285309
3285869
3287262
3290448
3304424
3308768
3309579
3311044
3311252
3311463
3311858
3312119
3314276
3318564
3320453
3320731
3323431
3324659
3324939
3330004
3330525
3333202
3333291
3333699
3336942
3340379
3340697
3341637
3344683
3346922
3347535
3349700
3350645
3351907
3352034
3359724
3364492
3369179
3370421
3370841
3371222
3374686
3378822
3380694
3388095
3388729
3388882
3389067
3389248
3396567
3405487
3409669
3414789
3419337
3420169
3420233
3420291
3426304
3428385
3434926
3444226
3452505
3462878
3468851
3470956
3471138
3475473
3482028
3484356
3486918
3494194
3496536
3499882
3502464
3505432
3505556
3505661
3505900
3507855
3510743
3514492
3517270
3517284
3519698
3519796
3521398
3522534
3528792
3530622
3530792
3533284
3533702
3535746
3536298
3537947
3539319
3541692
3545904
3545955
3548110
3548575
3548628
3550617
3550699
3553736
3557042
3561626
3571445
3571508
3572975
3577915
3580353
3583727
3584670
3585515
3585784
3589320
3589766
3592002
3593702
3596116
3602610
3603294
3604502
3611907
3612539
3613680
3623512
3627448
3638148
3641403
3641998
3642045
3643211
3644361
3646163
3651080
3651207
3652243
3659364
3660426
3660590
3661347
3664804
3668774
3669173
3671652
3671857
3672869
3676836
3683760
3683850
3684003
3684100
3692114
3695782
3698729
3708880
3709576
3709717
3713216
3713550
3715380
3715399
3716059
3717780
3719674
3720184
3722827
3723888
3725698
3726375
3728799
3728913
3731483
3733836
3734946
3750640
3751928
3752981
3755390
3756311
3756539
3756766
3759566
3765172
3765531
3774542
3775019
3780565
3792396
3793247
3793710
3796033
3797338
3797872
3800883
3800996
3802631
3803625
3807806
3810303
3811821
3813640
3815076
3828575
3829769
3830962
3830997
3831309
3833440
3833895
3834607
3837393
3838081
3842163
3843457
3844949
3845177
3846257
3847653
3848804
3849081
3851643
3855123
3856945
3859244
3859265
3860215
3860332
3860578
3860692
3862427
3862796
3863352
3863715
3864516
3867576
3868642
3868822
3869922
3870245
3871545
3871964
3873749
3874154
3878173
3878288
3882254
3883328
3888253
3896704
3897415
3905833
3909775
3910292
3910699
3910978
3911697
3913569
3914592
3916736
3918964
3923154
3925372
3929650
3930606
3933208
3933843
3933867
3935545
3935629
3936835
3939355
3939459
3942449
3944347
3948057
3950671
3951942
3952936
3953686
3954108
3955284
3956351
3959477
3959510
3960036
3962573
3962600
3963607
3971884
3972255
3974717
3974863
3981387
3984109
3985365
3985873
3986287
3987511
3987595
3989490
3989679
3990092
3992283
3992575
3992740
3996958
3999214
3999319
4002136
4002690
4002716
4007978
4013492
4015973
4018789
4019160
4022561
4023986
4025923
4027257
4030109
4033073
4034296
4035442
4036752
4036892
4037227
4039156
4039434
4040620
4040745
4043322
4043986
4044298
4044371
4046969
4047291
4050646
4052212
4054548
4055888
4058131
4059247
4060075
4060884
4061286
4067446
4073734
4073966
4074349
4074861
4074968
4075205
4082846
4082967
4082978
4085402
4087229
4087333
4087715
4087951
4089728
4091067
4092935
4094012
4094484
4095188
4095359
4095426
4097975
4098253
4099636
4099742
4101629
4103390
4105260
4111226
4112698
4112936
4113258
4120385
4123259
4125788
4129959
4131402
4131760
4132625
4133636
4134091
4134117
4134214
4135527
4135874
4136539
4136740
4138992
4141568
4142167
4142224
4142559
4146605
4146788
4148061
4148175
4148314
4151871
4154779
4155718
4159384
4159595
4161097
4167419
4167933
4170766
4171649
4172730
4173489
4177248
4177722
4177914
4178318
4179223
4179276
4180111
4180255
4180550
4183101
4183209
4184289
4186445
4187163
4188541
4189176
4189395
4189594
4189850
4197726
4198170
4199752
4206292
4206812
4215147
4218776
4221476
4221846
4223553
4223809
4225071
4225549
4226751
4227838
4228098
4234935
4237392
4240450
4250728
4253242
4254120
4254801
4259887
4260403
4261048
4264710
4264822
4264934
4271800
4272158
4273912
4286134
4291021
4296182
4296724
4297397
4303560
4308519
4308682
4310582
4310900
4315798
4319347
4319584
4324333
4324480
4325197
4328548
4328636
4329206
4330934
4331034
4331111
4338595
4342489
4344463
4344949
4345715
4345998
4354459
4358682
4360046
4360093
4360665
4361673
4362674
4362719
4364012
4365741
4368619
4368671
4368753
4369474
4369554
4373074
4378491
4382039
4382076
4386032
4386572
4387382
4388513
4389351
4390308
4390477
4390785
4391741
4391876
4391983
4395598
4398036
4400547
4401548
4404308
4404986
4407896
4408069
4409796
4417037
4424502
4425127
4425456
4426674
4437932
4442265
4442478
4443371
4443674
4446687
4447478
4447657
4456783
4457822
4457997
4458414
4460957
4461040
4461875
4464701
4464941
4465618
4465835
4468204
4469717
4471513
4477111
4477936
4478079
4478247
4478945
4482613
4482776
4484539
4487020
4490942
4493320
4496722
4496932
4497377
4497803
4499886
4499928
4503440
4503604
4504338
4504562
4506493
4508489
4508938
4509158
4510617
4511104
4511128
4511153
4513092
4513822
4514442
4516676
4518859
4518997
4519154
4521689
4522721
4522847
4523016
4525591
4525654
4525672
4528230
4528375
4530692
4530941
4536007
4537792
4538099
4543607
4545633
4546015
4553259
4555837
4556007
4559819
4560563
4562165
4567134
4568389
4570704
4573659
4574659
4574694
4575087
4578215
4581899
4582414
4584931
4585158
4585163
4591999
4595948
4596578
4596698
4598749
4599230
4603436
4604877
4608745
4613047
4623507
4630870
4635228
4638717
4643085
4643332
4643359
4643543
4650356
4650891
4651033
4654770
4656413
4675568
4679024
4680957
4683691
4687942
4689260
4689645
4691792
4691917
4693747
4705905
4706114
4706205
4708663
4708934
4709507
4710252
4710356
4715421
4727560
4728798
4729078
4729126
4729287
4729509
4729575
4729736
4729878
4730189
4730237
4730321
4732992
4733181
4747263
4748923
4755501
4758536
4762727
4762842
4774612
4774792
4776297
4777183
4782889
4788997
4792576
4795181
4807728
4808761
4808876
4812345
4812700
4812977
4814956
4820983
4821092
4821146
4821200
4821251
4821397
4821440
4823444
4826235
4834443
4844998
4846285
4851987
4853537
4855419
4864845
4866405
4866980
4867820
4869646
4870795
4871046
4871168
4872224
4872963
4874930
4879123
4879452
4881578
4884840
4885999
4886810
4888513
4889325
4889925
4893130
4894069
4894617
4899492
4905092
4906485
4906613
4909992
4910616
4912870
4913838
4926780
4928424
4928453
4928559
4938415
4938530
4938656
4950391
4953499
4959589
4960880
4960886
4967745
4973252
4980373
4980449
4982343
4982845
4984568
4984707
4985028
4985963
4989294
4992240
4992478
4994165
4994279
4996442
4996648
5000517
5002483
5013642
5016252
5024759
5028232
5028305
5028763
5029532
5030144
5030419
5031471
5031715
5035928
5054351
5057790
5058738
5058927
5059198
5065367
5068015
5076265
5083246
5085635
5086826
5090481
5092466
5099891
5100837
5103582
5106807
5109657
5110762
5111061
5112271
5118391
5119785
5121562
5123282
5127304
5128640
5138938
5139393
5140753
5145784
5149178
5151272
5153981
5159048
5162220
5163699
5164787
5168647
5175538
5175556
5178422
5178634
5179104
5180855
5185902
5189284
5197074
5200178
5204244
5204403
5204466
5204563
5214014
5222273
5223362
5225383
5226213
5227367
5228502
5228627
5229178
5229466
5230282
5232384
5232690
5232758
5234755
5236752
5241931
5242098
5245551
5248245
5254447
5258879
5259715
5260688
5262114
5263841
5264178
5264281
5267223
5269253
5270427
5271892
5272457
5273200
5273317
5274199
5275311
5276176
5276734
5276810
5278155
5278360
5278546
5278725
5278973
5284474
5284572
5289299
5289611
5290409
5291181
5291885
5292460
5292754
5293285
5294963
5299108
5299332
5299815
5300775
5302872
5306902
5307664
5308140
5308366
5309869
5313636
5314459
5315700
5315922
5319390
5323609
5328060
5328817
5328963
5330373
5331636
5331705
5331765
5331887
5334417
5336014
5336697
5340561
5340665
5340804
5341213
5346709
5346877
5350726
5352436
5353607
5354551
5358966
5359055
5367607
5367831
5368097
5374838
5377398
5377680
5377876
5377994
5379230
5381384
5382570
5383100
5386015
5386201
5394571
5396248
5399015
5399153
5401301
5401954
5404152
5406743
5407738
5409859
5413081
5413094
5414092
5414220
5420232
5423978
5424850
5425780
5432987
5433845
5434530
5435838
5436254
5436765
5439146
5454676
5466718
5469509
5471223
5473488
5474198
5476378
5476568
5476979
5484179
5485136
5485256
5485969
5487603
5488107
5489695
5493143
5493951
5501294
5508164
5508974
5510566
5513314
5514979
5516812
5520347
5521288
5522391
5522533
5522616
5522977
5523875
5526397
5538532
5538680
5540081
5540872
5541986
5542372
5547633
5550463
5550537
5550897
5552874
5555436
5557107
5558292
5560348
5565177
5567742
5567993
5571405
5572077
5572262
5574525
5578767
5579785
5580226
5580348
5580766
5582997
5586740
5586943
5589325
5589894
5597346
5597552
5599448
5599522
5599761
5600987
5610245
5615580
5618613
5624764
5629371
5636187
5641029
5641561
5643578
5646202
5649519
5653546
5653725
5653818
5654729
5659255
5661760
5669947
5680035
5682343
5683201
5684439
5684685
5692219
5692394
5692452
5692530
5692675
5692813
5692903
5694918
5695025
5695277
5695579
5696789
5696939
5697157
5697322
5697512
5699270
5699457
5700235
5700494
5701267
5701814
5702209
5704436
5704798
5705882
5707522
5707748
5709949
5710283
5713170
5713418
5714029
5717992
5718334
5719911
5722238
5725696
5728772
5730087
5733456
5734159
5734656
5734996
5735289
5736017
5736165
5737176
5738798
5739062
5739493
5740306
5740845
5741709
5741897
5742160
5742273
5742339
5743602
5744124
5744505
5744961
5745491
5745759
5746515
5747963
5749224
5751152
5752523
5754094
5754327
5757429
5757737
5762419
5764062
5768948
5771467
5774126
5782209
5784942
5786412
5787009
5787245
5788654
5791715
5795598
5804431
5807237
5809045
5814163
5818951
5819126
5820262
5821297
5821440
5822921
5823022
5826319
5827494
5827550
5829263
5829414
5829713
5830794
5831314
5831452
5831692
5831874
5835627
5836215
5837774
5838111
5840148
5840887
5849404
5851350
5856040
5859500
5859612
5862897
5867117
5867957
5872475
5874268
5874676
5875038
5876233
5876683
5877967
5879251
5880621
5881048
5883149
5884309
5884895
5885398
5886430
5887706
5887892
5888628
5890953
5891338
5891622
5891843
5892035
5893614
5894066
5894698
5895815
5896629
5898464
5899484
5900786
5902041
5902115
5904585
5907725
5907962
5908396
5908638
5909006
5909211
5909319
5909895
5912251
5912440
5913047
5913493
5916085
5919705
5921029
5922178
5924450
5928220
5930397
5934076
5936135
5936241
5937214
5937287
5939939
5940509
5942327
5942418
5942847
5943283
5944499
5944680
5945133
5946172
5946648
5947797
5948297
5949726
5949990
5950724
5951646
5954458
5958197
5961691
5964331
5964765
5965591
5970126
5970970
5971500
5971777
5973646
5975707
5976031
5977905
5979165
5980496
5984626
5984982
5990075
5993196
5996732
5997186
5997972
6000569
6001060
6008378
6008588
6012576
6012939
6017644
6021728
6021916
6023393
6028246
6028889
6031485
6031512
6031801
6032743
6035920
6037295
6037414
6037848
6038785
6040010
6040824
6041025
6048145
6057310
6058131
6060380
6075154
6075691
6076861
6078987
6083280
6085812
6086695
6089177
6089280
6090251
6090595
6090871
6091456
6091867
6092996
6093271
6093526
6095102
6095455
6098168
6098989
6100290
6101100
6104772
6107851
6111265
6123292
6123381
6125525
6126825
6127695
6128078
6128249
6128477
6128940
6129835
6130358
6130879
6131355
6131879
6139233
6140880
6141449
6141722
6141773
6143981
6144425
6144756
6144867
6145069
6147101
6151868
6154495
6155649
6155721
6159514
6162258
6163156
6165378
6167252
6168143
6173507
6174513
6180384
6182831
6183961
6185290
6186674
6187089
6187145
6190620
6192132
6193318
6193821
6194430
6194925
6196409
6197322
6197919
6199284
6199480
6202851
6203151
6204734
6210937
6211455
6214355
6216196
6218734
6225950
6225975
6226118
6226331
6228620
6228859
6233282
6234864
6234946
6235837
6236930
6237412
6239205
6239232
6239534
6240557
6240585
6247433
6248993
6249585
6249793
6250360
6257567
6263066
6263858
6264519
6265200
6265756
6268458
6268927
6269988
6271983
6272812
6272962
6273268
6273601
6275202
6275498
6276122
6277579
6278357
6278411
6291154
6291634
6297292
6298057
6299918
6302512
6303727
6303971
6312205
6312360
6315724
6317707
6319870
6320060
6323906
6324063
6325220
6325514
6329802
6330102
6331203
6331751
6340484
6349536
6349719
6358625
6358843
6359135
6359234
6359357
6359907
6360892
6363284
6364139
6364461
6365199
6366312
6366876
6367148
6375360
6380102
6382799
6383565
6385369
6385950
6389040
6389121
6389131
6391796
6393145
6394720
6394835
6394908
6395015
6401879
6402281
6403189
6404397
6406190
6406468
6406747
6407059
6407844
6408249
6414329
6423986
6430404
6431790
6432133
6436065
6438156
6438277
6441910
6442409
6447347
6450182
6456297
6457486
6457639
6461349
6462711
6465779
6468602
6469888
6470682
6476603
6476741
6477451
6478126
6478287
6482212
6483322
6483673
6488487
6489032
6491215
6492689
6494794
6505240
6505366
6506385
6506558
6507192
6507630
6511541
6514329
6514356
6515819
6515994
6516629
6520420
6520716
6520760
6521288
6524515
6525670
6533353
6538413
6551156
6553904
6553980
6554734
6555891
6556542
6562550
6562603
6566795
6571934
6573009
6573862
6576211
6576389
6576616
6579948
6581817
6582119
6582168
6583884
6586784
6590325
6592613
6593110
6595298
6608142
6612352
6618629
6618782
6619532
6621217
6622327
6627710
6631814
6632019
6635439
6640729
6643747
6648957
6651351
6652538
6653352
6653476
6653496
6653700
6654440
6659143
6666293
6670862
6675784
6680424
6681035
6681252
6681356
6685515
6687996
6691363
6691863
6691971
6692543
6692677
6696716
6701010
6706882
6707912
6712731
6718050
6720211
6720568
6721125
6726395
6738858
6739486
6744655
6746797
6748226
6748369
6755110
6755168
6755415
6761807
6764611
6765131
6766422
6766502
6766660
6769863
6770481
6787573
6788226
6788377
6790887
6791281
6793350
6795984
6798434
6798467
6798605
6800225
6800399
6800734
6801042
6803196
6805217
6806664
6810745
6811328
6813114
6814368
6814601
6822154
6822480
6822691
6822929
6830338
6832031
6835319
6840062
6842840
6847665
6849414
6849454
6849541
6849901
6850625
6853278
6854095
6857788
6857903
6858979
6859410
6862440
6864520
6870278
6873521
6873546
6873733
6873845
6874012
6874799
6875659
6876898
6878075
6879413
6880592
6883327
6888157
6888723
6889973
6890608
6896414
6896919
6899749
6901709
6902463
6904533
6910781
6912485
6913364
6915767
6916183
6920337
6922042
6923975
6924809
6926129
6927257
6929916
6931984
6933086
6933491
6933712
6934694
6935509
6937315
6941410
6945691
6946691
6952141
6964829
6965316
6973414
6975315
6975388
6975663
6977913
6996085
6999419
7007568
7009801
7013527
7014675
7017562
7017818
7019268
7020938
7022642
7025154
7025380
7036034
7040797
7040875
7045287
7045382
7045456
7049668
7051057
7053438
7055718
7055852
7056034
7056339
7060651
7060820
7069847
7071039
7074096
7077477
7078631
7080530
7083841
7084013
7093203
7098494
7098690
7100991
7101158
7103178
7103892
7104823
7106502
7107751
7107901
7108235
7109428
7109458
7110559
7114505
7117945
7120190
7124165
7124301
7126278
7127091
7130750
7130881
7133529
7135417
7139463
7139926
7140421
7142429
7142581
7142661
7143339
7144151
7153869
7155886
7160862
7161556
7163659
7165184
7176091
7176235
7177127
7179204
7179901
7180340
7185829
7188023
7188192
7191736
7191879
7198845
7199149
7205006
7205098
7205685
7211092
7211178
7214652
7215958
7218767
7218912
7226158
7226359
7226494
7228495
7230546
7236231
7236554
7236802
7236960
7239797
7240074
7240995
7251585
7251791
7251981
7253398
7253863
7264099
7265059
7266999
7270509
7273468
7274518
7274615
7274838
7274855
7275063
7284652
7286017
7286253
7286313
7286925
7291461
7306982
7308226
7309513
7311962
7317657
7320433
7323712
7326542
7331966
7336797
7339164
7343627
7350246
7354084
7354786
7355135
7355734
7361688
7365609
7365976
7366136
7367693
7373653
7381446
7384159
7384990
7391341
7393654
7395789
7395926
7399620
7406271
7408822
7411947
7426503
7428263
7428551
7440064
7449422
7452896
7454770
7455245
7456232
7456325
7456407
7458080
7458121
7458297
7464047
7464136
7464206
7465592
7465686
7466231
7467061
7467488
7467765
7473684
7476611
7483450
7483456
7483620
7483676
7485611
7485869
7490047
7496178
7496983
7500913
7506843
7506956
7509279
7509710
7510662
7511279
7514348
7516101
7516130
7517201
7517527
7518182
7518434
7522407
7522520
7523658
7525807
7525959
7532016
7532717
7534254
7534580
7537770
7543550
7546301
7547803
7548464
7550497
7551657
7551907
7552474
7556254
7564421
7568786
7570352
7571488
7575506
7575727
7582680
7585464
7593004
7606726
7606903
7606957
7613326
7615155
7615715
7634923
7637209
7640173
7642245
7643980
7645611
7646495
7646837
7650010
7650508
7650870
7663641
7668631
7671192
7671404
7671505
7674469
7680582
7680608
7680739
7683965
7684793
7686819
7686974
7687058
7687086
7689824
7689890
7703234
7703342
7707044
7716961
7723568
7730779
7731760
7731835
7732333
7732787
7736036
7736444
7737876
7739224
7750529
7758533
7760290
7761525
7761718
7764794
7765025
7780283
7780759
7784381
7784503
7784626
7784967
7786157
7786372
7787460
7788271
7789007
7791821
7793509
7795816
7796815
7799451
7804836
7806033
7806112
7806520
7808571
7808712
7808979
7809783
7810032
7812382
7813068
7815972
7816597
7816756
7818002
7819151
7823676
7825400
7828041
7831665
7831855
7832385
7833139
7835665
7836092
7839599
7840977
7844903
7847497
7848317
7849060
7850534
7853093
7856667
7856789
7857362
7859393
7859571
7860399
7862775
7863502
7864465
7867036
7867279
7867601
7870124
7871715
7874297
7874655
7874994
7879141
7883866
7890221
7898223
7898459
7900194
7900278
7901309
7901500
7906348
7906749
7913531
7915527
7927825
7930539
7933031
7934104
7937325
7940663
7944522
7953514
7954296
7955126
7960257
7963127
7963205
7967236
7967647
7969912
7974867
7984238
7984915
7989447
8001127
8001223
8001968
8002387
8002550
8002764
8002788
8006758
8006771
8009681
8013283
8015476
8017666
8019184
8019438
8025256
8029695
8031447
8032369
8032851
8034417
8038984
8049253
8065081
8069368
8071382
8077461
8078197
8081370
8087138
8090288
8091739
8094608
8096330
8097264
8099422
8102457
8103100
8103314
8117086
8118902
8119072
8120216
8123451
8123654
8124149
8124923
8128694
8129352
8129539
8130992
8131140
8136069
8139717
8139819
8141999
8142133
8144764
8144874
8147739
8148708
8149111
8151821
8154291
8154805
8155490
8155615
8156015
8161966
8162075
8165885
8168193
8171150
8172162
8172433
8182697
8183144
8186622
8189466
8198276
8204913
8205226
8206346
8208225
8223198
8225479
8225822
8234352
8234561
8238213
8242626
8247999
8257912
8259710
8260399
8263723
8269063
8274373
8278948
8280585
8280718
8282125
8282350
8282359
8292460
8296326
8304429
8310252
8313982
8318409
8320074
8325354
8339322
8339915
8340876
8340915
8342294
8342404
8342555
8342719
8342735
8345107
8347351
8347450
8348121
8350123
8350249
8350377
8350433
8354618
8368422
8368475
8374892
8375095
8382638
8387350
8387577
8389534
8391310
8393658
8394158
8407719
8409256
8416238
8422666
8427226
8436389
8441018
8441703
8445024
8446432
8446484
8446556
8449673
8451634
8451933
8452098
8464200
8464893
8469450
8469922
8471631
8478115
8479727
8480895
8483464
8494755
8496430
8496511
8498910
8499063
8503832
8504807
8504991
8505451
8512278
8513042
8514310
8514444
8514629
8515243
8515706
8521665
8523859
8525842
8528778
8529781
8531892
8532150
8537149
8538179
8544326
8546131
8548277
8551099
8551198
8551715
8551765
8556180
8559358
8559939
8560027
8561746
8563111
8563611
8566101
8569328
8573303
8573804
8579757
8579948
8601514
8602779
8603067
8603927
8604975
8611596
8611817
8612006
8612043
8612101
8613960
8614501
8620463
8620822
8626628
8628957
8634716
8635133
8635326
8635750
8635777
8639846
8640109
8643811
8644763
8647878
8651266
8651700
8656239
8657040
8657190
8657216
8657490
8657924
8660517
8660904
8662625
8667051
8683653
8683872
8687907
8688826
8689102
8691569
8702214
8703184
8711274
8711634
8711815
8712217
8712409
8718819
8730162
8732867
8734759
8738396
8738609
8741152
8741912
8751945
8751998
8751998
8752019
8752319
8753732
8759678
8768099
8768197
8771928
8777113
8777355
8777894
8782641
8783095
8784171
8784503
8785535
8785854
8789435
8791263
8792271
8792813
8793187
8795880
8796333
8797417
8797518
8798987
8813509
8814028
8814482
8815948
8817761
8818189
8818301
8818581
8819410
8822407
8822771
8830363
8835959
8840046
8840613
8843404
8844945
8845338
8845833
8846656
8851462
8851826
8851857
8854272
8854314
8859313
8863238
8870516
8875938
8877042
8877144
8878722
8881979
8888112
8893540
8896755
8898143
8898260
8898547
8901292
8901986
8904770
8910159
8910256
8912981
8914259
8917165
8919335
8919593
8920684
8922668
8926983
8929653
8930509
8931238
8933263
8935232
8935294
8939582
8941697
8943173
8943519
8945909
8968417
8968441
8986801
8987083
8987466
8990032
8990254
8992191
8998016
8998584
8999794
9001029
9008243
9009227
9010029
9010692
9015593
9019752
9019892
9020869
9022552
9023041
9024241
9026582
9026911
9026969
9029252
9035257
9038109
9038838
9039584
9042662
9049759
9051463
9053185
9053768
9062728
9063129
9067995
9068409
9071905
9072325
9073681
9076444
9080348
9082855
9087579
9091366
9091530
9091882
9092433
9097714
9099760
9099891
9102171
9104120
9105300
9111809
9113731
9114278
9114470
9122805
9124548
9126259
9126885
9129383
9141945
9142393
9142742
9143087
9143119
9144220
9145205
9145593
9145883
9154006
9158443
9163057
9172626
9175155
9176441
9176555
9179344
9179660
9186527
9187807
9193546
9201490
9203499
9205524
9213065
9213825
9214007
9214873
9215044
9218177
9222213
9222765
9223994
9224095
9227603
9227804
9228348
9228404
9234576
9253550
9254398
9254551
9254565
9254919
9263972
9268708
9273742
9276734
9276862
9288311
9289747
9290959
9291202
9291463
9292858
9292955
9296951
9299887
9300694
9305342
9306984
9307653
9323084
9323207
9326471
9326636
9326733
9330191
9332367
9334709
9336614
9338825
9351641
9360238
9360285
9366337
9370002
9373229
9374523
9377790
9378291
9378735
9380172
9380320
9380874
9380974
9383183
9383304
9390267
9391223
9391327
9393321
9394955
9395091
9407005
9410440
9427926
9440430
9444063
9447830
9448773
9449147
9450673
9451922
9456621
9459608
9459777
9465834
9466134
9470353
9470932
9475967
9476765
9484653
9489822
9493557
9505425
9511062
9512448
9512780
9515278
9515453
9523793
9532300
9532671
9532771
9539277
9540723
9541261
9541766
9544218
9544499
9544648
9549845
9551942
9553298
9558107
9563080
9564529
9566996
9567435
9572208
9572368
9578809
9578863
9580451
9586447
9588130
9592960
9595023
9596259
9597135
9606268
9611550
9612802
9612891
9617331
9625716
9626321
9626425
9626796
9630607
9630632
9630676
9630744
9630761
9631538
9631625
9631829
9632497
9632550
9634142
9634485
9635011
9635500
9636076
9636254
9636735
9638610
9638687
9639300
9641400
9656222
9668060
9676186
9676331
9702405
9702650
9703086
9708314
9715604
9716160
9716270
9716474
9722121
9722430
9725568
9726795
9728772
9728957
9728973
9728974
9728976
9735515
9736025
9742779
9752702
9760772
9767360
9770937
9772795
9777714
9779997
9780866
9782147
9782274
9782413
9792257
9792857
9794750
9802324
9803158
9804268
9804393
9804580
9804681
9807552
9807848
9808280
9809855
9810118
9810461
9811201
9811841
9812460
9813602
9815607
9816081
9816680
9816687
9821485
9821936
9822082
9822907
9823544
9823711
9825190
9827510
9828177
9829753
9830049
9834467
9836171
9837134
9837750
9838376
9839096
9839421
9843860
9845799
9846274
9847256
9847389
9847930
9850718
9854140
9863117
9864369
9865244
9875708
9875941
9876032
9879143
9880822
9883230
9883412
9884127
9884757
9885773
9886509
9887682
9887923
9889592
9902183
9904751
9905054
9907606
9907881
9907988
9908110
9910739
9912605
9923039
9925950
9926076
9930449
9939266
9946029
9946119
9947805
9955572
9955795
9956185
9957851
9960459
9962719
9963164
9966965
9978166
9982892
9985221
9985709
9985892
9986154
9988288
9990293
9993417
10000536
10006260
10006319
10008925
10009681
10009846
10009874
10013665
10016629
10019201
10023790
10024087
10024197
10028798
10028813
10030839
10035786
10036128
10039665
10044914
10046897
10057198
10057614
10071121
10072930
10073262
10073589
10077100
10080547
10081709
10083822
10085998
10089361
10090114
10096022
10104336
10104548
10105231
10111459
10113661
10114300
10114776
10114932
10115197
10115227
10116300
10117285
10120085
10121518
10140945
10143236
10152548
10153936
10156673
10167679
10170033
10171866
10173238
10173476
10176807
10183837
10186054
10186430
10187372
10187800
10189682
10195923
10197250
10207700
10209484
10209772
10215227
10215378
10220075
10223323
10225880
10228349
10229499
10232918
10234680
10243455
10249699
10254108
10258028
10258080
10258104
10258528
10259736
10271846
10272540
10277084
10278259
10281610
10281909
10281983
10286595
10286894
10287411
10287797
10294014
10296075
10296654
10300433
10300736
10303008
10303206
10303350
10303529
10309264
10309517
10310425
10315117
10319418
10319578
10322288
10323861
10324015
10328282
10336595
10336773
10340999
10343453
10351081
10351168
10351361
10351414
10355311
10355555
10356049
10357198
10362135
10363107
10364467
10364746
10364768
10364784
10370098
10370269
10374077
10376140
10376249
10378365
10378423
10378471
10378558
10381609
10381776
10387360
10388499
10395076
10400671
10402827
10410298
10410403
10412099
10412297
10412394
10415867
10423370
10425147
10428599
10435138
10435226
10436356
10436747
10441287
10441535
10445692
10446135
10448773
10449183
10451800
10453140
10453277
10465598
10466862
10467017
10467772
10471897
10474235
10481165
10481691
10483272
10483406
10484624
10496034
10496321
10501115
10501168
10503122
10508424
10510010
10515894
10523158
10526459
10528173
10532562
10534401
10540032
10540649
10541129
10545277
10549760
10552348
10552565
10552766
10552779
10553365
10557906
10558670
10559541
10560447
10560917
10561016
10566948
10567055
10567108
10570717
10571029
10573510
10574083
10575385
10575487
10576107
10576544
10588809
10589483
10589571
10591471
10595471
10608516
10616345
10623622
10625327
10626110
10626714
10626966
10636177
10636912
10643135
10653090
10654205
10665770
10666564
10667515
10672201
10679571
10686689
10701208
10707976
10709335
10715033
10717299
10717316
10726779
10735195
10754408
10756895
10757785
10759468
10759925
10760155
10766205
10766295
10766474
10766483
10768532
10768854
10769852
10771593
10771732
10772059
10772287
10772449
10774575
10774813
10775309
10775638
10781368
10786808
10787254
10787262
10787397
10788811
10788990
10791343
10792581
10796010
10798050
10798156
10802862
10804167
10813253
10822326
10824430
10826705
10831797
10844544
10844754
10846803
10848400
10853730
10854566
10855442
10860459
10861257
10861518
10861723
10861754
10861977
10864803
10865271
10866419
10866431
10868417
10869095
10869262
10870778
10870890
10870971
10892400
10893423
10904359
10907329
10910236
10910613
10910697
10911056
10913121
10916280
10916373
10916395
10916407
10916467
10916738
10916938
10917381
10917702
10917845
10918132
10919821
10921261
10921396
10924339
10924708
10924944
10925015
10927388
10932559
10932664
10932978
10933082
10933204
10933218
10933466
10933643
10933697
10933764
10933913
10933970
10934172
10936353
10936616
10936716
10937037
10940096
10940258
10940317
10955129
10955140
10955524
10965699
10966378
10966855
10971652
10975586
10986554
10989510
11001503
11001933
11003328
11005509
11005727
11005888
11005930
11005991
11006221
11007963
11014982
11017202
11022605
11022762
11022871
11023201
11024753
11028531
11056154
11062287
11073282
11081658
11083540
11087639
11093069
11097063
11102450
11105229
11106478
11110868
11119037
11120085
11120622
11127840
11130620
11146893
11161012
11173170
11173251
11175873
11176448
11178312
11179456
11180071
11186620
11189819
11195412
11195684
11198924
11199070
11199340
11205044
11209573
11212462
11219419
11233980
11235113
11235336
11235473
11235592
11235859
11238143
11238623
11241559
11245928
11247161
11248245
11248518
11250065
11250329
11252437
11252678
11252758
11254558
11259319
11259530
11259692
11260750
11260809
11260870
11260965
11261047
11263055
11263413
11263471
11263571
11264080
11264460
11266141
11267162
11267200
11267208
11269194
11270107
11271068
11271231
11271275
11277423
11278655
11289697
11293858
11294259
11294418
11297786
11297920
11298049
11304707
11309052
11314978
11316698
11322784
11325798
11328895
11330754
11330810
11331352
11331528
11331812
11343667
11361572
11382206
11382781
11388916
11391723
11397672
11397808
11402228
11402702
11407165
11409368
11430899
11433297
11438535
11446074
11453691
11456219
11466343
11470197
11472582
11472774
11473696
11495007
11497539
11501990
11504662
11506899
11512355
11514712
11515155
11518744
11521474
11525447
11528600
11534620
11534742
11536051
11536371
11536607
11536687
11536808
11542535
11543353
11543378
11551985
11562502
11562657
11569205
11577477
11584439
11585535
11586473
11587521
11589091
11592228
11592286
11592413
11592513
11593132
11594470
11604697
11604825
11604958
11605017
11605239
11605272
11608704
11608849
11614459
11615693
11615701
11615978
11615998
11616108
11624976
11631200
11631313
11631665
11634906
11635035
11635147
11637970
11640138
11640805
11643118
11643913
11646589
11652788
11653485
11658041
11658274
11659178
11660189
11663857
11671106
11673429
11674165
11674717
11674787
11674827
11677318
11677513
11678269
11681661
11689246
11689388
11691736
11691867
11692137
11692366
11695001
11699734
11700228
11700314
11704609
11705378
11705536
11705693
11706761
11711666
11712119
11712254
11712348
11712854
11715278
11715507
11717108
11717261
11717329
11717346
11735907
11744066
11746353
11746500
11748748
11756070
11756519
11756691
11765805
11770424
11770519
11773290
11773416
11775111
11776709
11777388
11777608
11782629
11783376
11785186
11797070
11797559
11799754
11799851
11801847
11801982
11802214
11803591
11811540
11811759
11813075
11822475
11835614
11836600
11838197
11838318
11841339
11843209
11848719
11851406
11852493
11857668
11858149
11858477
11858609
11858754
11858787
11860924
11860931
11864115
11864919
11880928
11882466
11885458
11890353
11890695
11891090
11919361
11920051
11920239
11925312
11927400
11928492
11931316
11931419
11934752
11941604
11950454
11953359
11964959
11973489
11976352
11976855
11977021
11977380
11979746
11986838
11987387
11992740
11993583
11997372
11998576
11999997
12006830
12012334
12012845
12013324
12013864
12013912
12014367
12015581
12017406
12019042
12019653
12021821
12022125
12022414
12023010
12023716
12029242
12031510
12031558
12033660
12035673
12035849
12035892
12037729
12037797
12038677
12039825
12039921
12040762
12040840
12041370
12041541
12041916
12042646
12042970
12043681
12044160
12046191
12057580
