1
1278
1486
3109
4044
6117
6963
7048
8009
12391
17191
19099
24292
24641
26805
28541
28688
33746
33781
34169
36327
36567
36975
38696
38799
39192
39684
39879
39979
40174
41371
43402
44895
44968
45513
47121
49738
49851
50095
57441
57735
57884
58006
58647
60927
61021
61345
62462
62832
63689
63854
63881
64564
64767
67795
67872
68372
68459
69429
70567
71968
72157
77719
80822
80990
84469
84629
85867
85980
86302
89229
89463
89560
89756
90687
91337
92027
93433
96244
96372
96951
98919
99674
99998
101940
104312
104351
104510
117455
120694
122531
125334
128435
133717
133836
134114
137890
138540
138652
138810
142953
143041
143098
143199
146759
149304
149345
151658
152232
152491
154778
157433
157597
157640
160226
162154
164268
164567
164806
165066
169920
170364
171558
173393
174535
175651
176509
177393
177693
177896
178096
178669
179584
179621
179700
179916
180181
180359
181239
182591
183670
185211
185847
188092
189767
190328
191224
191746
191783
194078
197283
198877
200348
201568
201717
202531
204726
204801
205795
205913
206617
208510
208744
208958
209325
209393
210934
211591
213614
213899
215756
215914
216035
218680
219060
219255
221494
222988
223650
223806
223947
224068
225316
225549
225638
225642
225978
228106
228493
229067
230392
230560
231208
231749
232356
232768
237534
240111
240656
241586
241856
242502
244015
244371
244876
245450
246565
247632
248243
248258
249719
250108
250265
250546
251233
252675
252725
252773
253910
258338
258396
258804
261730
261926
263639
264013
264094
264694
266706
267923
268187
270327
270358
273235
274231
274267
275351
275801
278231
278383
280789
281234
281603
282330
282950
287883
287903
287985
289826
294323
294623
295112
297901
300732
307142
308434
312252
312943
313682
314405
315090
316490
317138
317784
319966
320044
323118
323132
323220
323260
324703
325087
325850
325925
327343
330685
330796
331889
332202
332448
334421
334883
338005
344901
345073
347019
349165
349301
349517
351183
352030
354457
354521
354865
355394
355759
355976
356256
359415
359500
359651
361626
362117
362358
362914
363040
364667
365132
368599
370387
370484
371360
371367
373956
373989
375611
379293
379537
379643
379779
379919
381883
381897
382052
382096
382147
383106
385071
385229
385896
386581
387440
390540
390627
391012
391225
391362
392115
392209
393883
393943
394397
395404
395735
395966
397919
398667
398722
401788
402104
403459
403597
405206
409086
409830
410467
412572
412606
412644
416464
417427
417497
420118
420229
421491
421614
424894
425139
425344
429156
430992
431427
433511
435163
436502
439547
439610
440197
442090
442197
446131
446430
446884
447490
453252
453712
453957
453986
454412
455135
456238
456997
457074
457198
458644
458845
463050
464452
464606
465211
465532
465854
466491
466838
467373
469361
469701
470353
471703
472785
472892
476650
476982
477716
479063
480655
481553
482359
484608
485707
485756
485944
485988
495044
495137
496447
498429
499518
500783
501496
501578
502770
502852
503977
504084
504222
504278
505098
505236
506895
512396
512610
512933
517048
517224
520794
521066
521490
525025
525241
527411
529379
529395
531415
531821
533590
533777
535445
536203
536314
536412
536473
537615
539371
539387
539523
541327
541820
541926
542764
545210
545487
545838
545930
546608
549813
551310
552737
552870
552968
553306
558020
558678
563713
564585
569532
571266
571943
572008
572806
572849
573228
574976
575168
577464
577563
577712
577826
577856
582898
582985
583001
583015
583287
583646
583758
588599
591009
591170
591448
593646
594687
595886
596033
601171
601348
601506
601585
603074
603205
603640
603728
603780
604828
604961
605064
606566
608209
608343
608392
608984
609617
610112
610222
611323
612161
612837
613746
614615
614915
614990
615013
615643
615862
617851
618084
619418
619926
620455
621405
621563
622465
622504
625528
627806
627888
629797
630778
632094
632471
632669
632892
634850
635550
637874
638477
640282
640928
641227
642234
642891
643502
645576
645852
646174
646779
648090
649696
650104
650173
650454
653956
654433
654620
654868
656226
659442
661658
662753
663468
669613
669755
669969
673251
675448
679844
680790
684371
685608
688167
690960
692858
697506
697685
698452
706711
710198
710366
715093
721490
723275
723399
724712
726995
727402
728064
729415
729606
730068
731068
736886
744783
745714
746708
753658
755375
755437
756868
757424
759702
759815
761581
762719
766792
767288
769377
769801
773477
776173
782498
784700
785034
785412
790448
790801
793000
793329
793498
793728
795075
795174
795647
795824
799402
800905
801557
802019
803052
810641
819959
820061
820118
824687
826863
826940
828241
828300
828689
828903
830204
833534
833916
834226
835775
836156
836881
838759
839551
839742
840042
840528
841248
841738
842530
842620
842673
842734
843055
843827
843854
844191
844294
844709
844811
845297
845397
846299
846518
847882
848303
850292
850541
850996
852769
853425
854884
857508
858871
860027
860395
860657
861708
863058
864240
868255
868331
868855
869462
876010
876181
876318
876660
877551
877816
883311
887572
887748
888224
890812
891285
893838
893965
894520
894641
897591
898363
901198
901282
903881
903972
904502
904565
905206
908594
910941
911031
913631
913954
914328
915394
915479
918112
918206
918833
920543
920616
920959
922909
922982
925334
925405
925622
925800
925918
927945
928464
929441
932263
932357
933241
933374
933733
934357
935266
937502
938334
938421
938914
939709
941112
941188
941322
942692
942761
942768
943134
944068
946092
946295
946399
948068
948303
948964
949119
949421
950312
950336
950620
953035
954002
954071
955275
955313
956423
956544
956790
957524
957667
958016
959070
959218
960486
961855
962505
962660
964683
964754
966883
966926
967026
967432
968162
968244
969164
969233
969944
971041
971105
971275
973255
973324
973646
973823
976478
978847
979205
979318
980149
980244
980849
980921
981547
981639
982745
982819
983246
983550
983696
984533
984646
984808
985054
989473
989585
990828
993656
995608
996439
998053
998665
998775
1000536
1000854
1000950
1002006
1002509
1002550
1002661
1003317
1004299
1004531
1004761
1005342
1005472
1005611
1005914
1007412
1008490
1010276
1010714
1011795
1013531
1013597
1013642
1014017
1017428
1017575
1018054
1018099
1018624
1018925
1020832
1020913
1021944
1022021
1022191
1024879
1024995
1025361
1026301
1026468
1028074
1029081
1029144
1029237
1029607
1029944
1031487
1033723
1033809
1035277
1035414
1035525
1036778
1037214
1037335
1037706
1037817
1038576
1039149
1040949
1041240
1041577
1042643
1042719
1042818
1042929
1043458
1045568
1045693
1046440
1048312
1048475
1050568
1050628
1050696
1051697
1054950
1056356
1056975
1057425
1057573
1058609
1059287
1059406
1060158
1060721
1060959
1062213
1062432
1062477
1062679
1063301
1064177
1064694
1064954
1065406
1065679
1066908
1068130
1070140
1072406
1075012
1076031
1076462
1083298
1083394
1085034
1091178
1092917
1092966
1094067
1096459
1096559
1114801
1114939
1132718
1135123
1135220
1136587
1137149
1138491
1152697
1157339
1159416
1162275
1172263
1174031
1175961
1188171
1191719
1194615
1194734
1195066
1195171
1195350
1195836
1195945
1196191
1199636
1201438
1209463
1210039
1212108
1212258
1214085
1214171
1214208
1214279
1214487
1214956
1215061
1215704
1217106
1217904
1227340
1227775
1229361
1229482
1236013
1237883
1252267
1256508
1256587
1260214
1262335
1279522
1279949
1282148
1282599
1285755
1288485
1293493
1295054
1297897
1308930
1311048
1311154
1311469
1312826
1316262
1319323
1322994
1323420
1323438
1334634
1336128
1336262
1337265
1337687
1342947
1343054
1344868
1344949
1345315
1346851
1349603
1350438
1350877
1352328
1352521
1352606
1355503
1360470
1366311
1366500
1366675
1368041
1369103
1371407
1371512
1375013
1375121
1375403
1376856
1379065
1379604
1388971
1393458
1394529
1394713
1395061
1395588
1395599
1401563
1401656
1402828
1408706
1411446
1413093
1413244
1413324
1414673
1415239
1415375
1415470
1415831
1416035
1418525
1418616
1421147
1422645
1422755
1422917
1423120
1423469
1423476
1428921
1429278
1430923
1433267
1433401
1436266
1437396
1437896
1438596
1438858
1444516
1448731
1459298
1460405
1460535
1460629
1460744
1468305
1468631
1468773
1471257
1471890
1472027
1473015
1473139
1479498
1479644
1480270
1480386
1480851
1480866
1482039
1482078
1483024
1483795
1484930
1484964
1485114
1485355
1485649
1486157
1486281
1487037
1488091
1488139
1488893
1489031
1490505
1491089
1491503
1491939
1494501
1496977
1497244
1497605
1502859
1505769
1506624
1506789
1507075
1508108
1508238
1509603
1509731
1510009
1516879
1517100
1518901
1519183
1520764
1521097
1523901
1525579
1526174
1531399
1539434
1545582
1546780
1550268
1550480
1551667
1553922
1554063
1554154
1555199
1556630
1558269
1564229
1564888
1565382
1566008
1566137
1566245
1568015
1569078
1571333
1571431
1572332
1572966
1573415
1579973
1580154
1580277
1582456
1582564
1585020
1585791
1588450
1590583
1590797
1592165
1592236
1594782
1596013
1596724
1597488
1599277
1604910
1611304
1612391
1612727
1612872
1614466
1617487
1617713
1618412
1619136
1620111
1620329
1620506
1622159
1622530
1623052
1624622
1624700
1624795
1624894
1627580
1627659
1627810
1628071
1630073
1631491
1632440
1632912
1633322
1633716
1633870
1638421
1639256
1639373
1639404
1639588
1639617
1642904
1646231
1646812
1646973
1652536
1660314
1661479
1663989
1668363
1672087
1674114
1674575
1678099
1678963
1680021
1682523
1684198
1687351
1689004
1689014
1689140
1689350
1689694
1691602
1692269
1692386
1692866
1693015
1693209
1693562
1693847
1694032
1694441
1694556
1698335
1698445
1698628
1698735
1698782
1700598
1700803
1705793
1705826
1705901
1706324
1706754
1706950
1707267
1707429
1708758
1711126
1711610
1713021
1713089
1713209
1713394
1713917
1717267
1730799
1732412
1732537
1732818
1733610
1737733
1738270
1738698
1740149
1741969
1743370
1746501
1746629
1746684
1748750
1750945
1751258
1751540
1751967
1752053
1752188
1752264
1752308
1753959
1754480
1755837
1756395
1757733
1758506
1759140
1759299
1760539
1760692
1760995
1761429
1761623
1762013
1762344
1762946
1763674
1764243
1764579
1765530
1765805
1766774
1767682
1767710
1773785
1774404
1776597
1778728
1778970
1781160
1781222
1781519
1784462
1789247
1789545
1790232
1790510
1790607
1791966
1794068
1794166
1794504
1798019
1802333
1804150
1806935
1807426
1807888
1809036
1809807
1811240
1813248
1813585
1816029
1816606
1818491
1821933
1822486
1824334
1825217
1827268
1827661
1828063
1828260
1828475
1829160
1831997
1832084
1832161
1832284
1832767
1832842
1834658
1840834
1841367
1841926
1842994
1843297
1843907
1844932
1845004
1847099
1848642
1849133
1850108
1851166
1851227
1852575
1853721
1854310
1856905
1870666
1870795
1878647
1885470
1886059
1886179
1887132
1892625
1894626
1897473
1897604
1898736
1898984
1899812
1901292
1901645
1903195
1903343
1908367
1909550
1912389
1913600
1918307
1919312
1919794
1919933
1922214
1923631
1924412
1928873
1930454
1931683
1931988
1935249
1935282
1936854
1939808
1940803
1942479
1952620
1952702
1952868
1954703
1954928
1955113
1961936
1964474
1966915
1967480
1967804
1968952
1969065
1969347
1970777
1975110
1976984
1977121
1979437
1981502
1984846
1989296
1989428
1989664
1989847
1990056
1991596
1998409
2002270
2003035
2003264
2003678
2005921
2008730
2008828
2010030
2010116
2012657
2016063
2021539
2023670
2023835
2025831
2025908
2026006
2027302
2028198
2028237
2029060
2029140
2029552
2030541
2030746
2030788
2030873
2033353
2033414
2034442
2034777
2035192
2037024
2038100
2038172
2039120
2041718
2042390
2043540
2043627
2044092
2044280
2044489
2045856
2048182
2048314
2049025
2049101
2049371
2050824
2051325
2051545
2051958
2053138
2053623
2053930
2054016
2055209
2055346
2055669
2056574
2059817
2061239
2061707
2065039
2065149
2065342
2066189
2066275
2067006
2067512
2068734
2068945
2070242
2072129
2072152
2075622
2075721
2075876
2079083
2081776
2082613
2083111
2093224
2093377
2094854
2095124
2095219
2098592
2100656
2100887
2102126
2102566
2104752
2105212
2106821
2111270
2111313
2111664
2112362
2112947
2114438
2114575
2115000
2115041
2116113
2116934
2117057
2119693
2120996
2121536
2121884
2123339
2123439
2123451
2123485
2124988
2125526
2125576
2125855
2126012
2126888
2127151
2127935
2128001
2129092
2129156
2129280
2129968
2130956
2131396
2132409
2132481
2132559
2132705
2133845
2134929
2135996
2136459
2137178
2137328
2137785
2138190
2138501
2140173
2140296
2140383
2140623
2140784
2140938
2142733
2144313
2144447
2144568
2144582
2144628
2146096
2146449
2147318
2149861
2154332
2154393
2155374
2155524
2156125
2157015
2157507
2163179
2165008
2165283
2165903
2167313
2167490
2170141
2170282
2174551
2175023
2178193
2178672
2179418
2184397
2184490
2186759
2187514
2188496
2190482
2192665
2193503
2193850
2194108
2198106
2198424
2198527
2199489
2199587
2199704
2199963
2200833
2200923
2201322
2201753
2201986
2202429
2202493
2202607
2203704
2203797
2204213
2204841
2205007
2205254
2206206
2207561
2207885
2208895
2208965
2209342
2209428
2209903
2210896
2211542
2212640
2213018
2216930
2217166
2217321
2217752
2218203
2218608
2220015
2220599
2222204
2222464
2224595
2224684
2224725
2225007
2225347
2225435
2226011
2226274
2226632
2226936
2228885
2229096
2233087
2233913
2234087
2235155
2236017
2237635
2237721
2238365
2238649
2238994
2239584
2240934
2241047
2241316
2241415
2241507
2241865
2241965
2243568
2243599
2245303
2245796
2248372
2250943
2251974
2252193
2257951
2259696
2262065
2262731
2264245
2264751
2266620
2266835
2267711
2272420
2272594
2273528
2276171
2278242
2278363
2278650
2283833
2283845
2287111
2287125
2295883
2298601
2298610
2298696
2299084
2302985
2314430
2316155
2316269
2317838
2317978
2319563
2330890
2342483
2344061
2344263
2347375
2354929
2359106
2359714
2364932
2365033
2367489
2369537
2369651
2371492
2374147
2374252
2376989
2378334
2382385
2382633
2389533
2390880
2398915
2402731
2403066
2404373
2405959
2406203
2408008
2408124
2408353
2408470
2408660
2412221
2413015
2415029
2415149
2415285
2415400
2415488
2415795
2418922
2427512
2427675
2427797
2428153
2429181
2431934
2432137
2432941
2433052
2438088
2438645
2440893
2441170
2442281
2443309
2449125
2449325
2450560
2450826
2453618
2453764
2453822
2458457
2458559
2462000
2464397
2465411
2465541
2465780
2468295
2478518
2479703
2482022
2486420
2486889
2487149
2487241
2487376
2488688
2489003
2489386
2489498
2491790
2492119
2492252
2492376
2496731
2496880
2501350
2503742
2504283
2504580
2508112
2508370
2510428
2510503
2511524
2512906
2514766
2514839
2514931
2514985
2515133
2516467
2516680
2517713
2519955
2520163
2520266
2524534
2525123
2525366
2526147
2527521
2530114
2531911
2532108
2532391
2534636
2534789
2534986
2535111
2537274
2538137
2545135
2546614
2552732
2554370
2563290
2563409
2563582
2566790
2566941
2570906
2571021
2572728
2576687
2580710
2583638
2583830
2584108
2584631
2584750
2584783
2585059
2590824
2591699
2594162
2594441
2594900
2595200
2595459
2597835
2597899
2598220
2598895
2599352
2599657
2603568
2603670
2604297
2609126
2609161
2617651
2618071
2625070
2625456
2626758
2627697
2633019
2633134
2637893
2639094
2642805
2642914
2648287
2650213
2650660
2650795
2654666
2654850
2655273
2658776
2658861
2662160
2668107
2670763
2676690
2679549
2682094
2684289
2686094
2686183
2686220
2691595
2693692
2694177
2694325
2694547
2700705
2703567
2703740
2706658
2706796
2708459
2708889
2709002
2709209
2710584
2710979
2711104
2711216
2714895
2717109
2724605
2724646
2724784
2725783
2725995
2733329
2737260
2737365
2737754
2737897
2740024
2740254
2740587
2740715
2742366
2745365
2745657
2747125
2747353
2747685
2748165
2748354
2749920
2750512
2752229
2752936
2754702
2755211
2756726
2757060
2757224
2757643
2759010
2759212
2759792
2763809
2768380
2768552
2768788
2769099
2775667
2775765
2775994
2778194
2778367
2778557
2779283
2779370
2779588
2780005
2782165
2782502
2784625
2787809
2788001
2795021
2797590
2797709
2799596
2799847
2800095
2800628
2805418
2807117
2807232
2807703
2809466
2809682
2811359
2811693
2817220
2817657
2819675
2821643
2822328
2824368
2836504
2836595
2840127
2845753
2845903
2846112
2850017
2851408
2852307
2856032
2856249
2858956
2859069
2860042
2860349
2861193
2862547
2863681
2867714
2868309
2870387
2872764
2873321
2873527
2873743
2873846
2873977
2874839
2875972
2878249
2880105
2880305
2880315
2881370
2881695
2882269
2882878
2883268
2883338
2885687
2886262
2886355
2887340
2888958
2891093
2891910
2892456
2892809
2896471
2896764
2898177
2898273
2899414
2906786
2906865
2910903
2911360
2911824
2912273
2912366
2912392
2912398
2913178
2913383
2913593
2914031
2914067
2914879
2915253
2915311
2916738
2917281
2918485
2918751
2918934
2919229
2919769
2919868
2920225
2921286
2921412
2921498
2922353
2925296
2925831
2926024
2927056
2927130
2928671
2929243
2931156
2932083
2935883
2937741
2940162
2941038
2944110
2945034
2952086
2952266
2955793
2956170
2956371
2956410
2956504
2962958
2963134
2963860
2963961
2965602
2965698
2965767
2966887
2968242
2971142
2971323
2971358
2972811
2972958
2973368
2973389
2973995
2974873
2975022
2975639
2989172
2995939
2997595
2999803
3001422
3001932
3002768
3005863
3006933
3007016
3010189
3015634
3016680
3017622
3017983
3024781
3027544
3029186
3031608
3031955
3032698
3033137
3033373
3036964
3037074
3038680
3041359
3045547
3045883
3045933
3046653
3050372
3053697
3058721
3059610
3059713
3060168
3060649
3060847
3061733
3062878
3064640
3067291
3068885
3069328
3069551
3075696
3078439
3078518
3080599
3081071
3082563
3082671
3083477
3085040
3085184
3085581
3087025
3087600
3087701
3089251
3089422
3092152
3093450
3093522
3099670
3100960
3101116
3104996
3105389
3108685
3109207
3110732
3113439
3113578
3116778
3118899
3119457
3122191
3123381
3123498
3132430
3135391
3139765
3139933
3141571
3142886
3143132
3144852
3145086
3145385
3149748
3152972
3153821
3154458
3158701
3158828
3159125
3159390
3161129
3161268
3161474
3162322
3163258
3163295
3165843
3167633
3168423
3169589
3169746
3170030
3171347
3171579
3172912
3173067
3173656
3181360
3184225
3185021
3185656
3186038
3186257
3186998
3189367
3189469
3189569
3189673
3194587
3194858
3194880
3195022
3196682
3199225
3199320
3199770
3199999
3200107
3200474
3201033
3203006
3203056
3205269
3206769
3206856
3206905
3208130
3209590
3209669
3210148
3211044
3211248
3212635
3212680
3212759
3212919
3213898
3214881
3214985
3215030
3215089
3215092
3215311
3215432
3216130
3216689
3216978
3217191
3218768
3223101
3223255
3224517
3225018
3225318
3225689
3226438
3226991
3227865
3229930
3230519
3231904
3232244
3234195
3234409
3234550
3234890
3235527
3235640
3235860
3236146
3239779
3240148
3240475
3240523
3240693
3240746
3241236
3241376
3241539
3241709
3242030
3242193
3242373
3242537
3242756
3242898
3242928
3243076
3243108
3243572
3243695
3244066
3244435
3244646
3244905
3245149
3245586
3251638
3253075
3253734
3255238
3255347
3255700
3258327
3258423
3258746
3261972
3268330
3269076
3269406
3270020
3272042
3272087
3272409
3272793
3276485
3277285
3277859
3279253
3279625
3280347
3280863
3281096
3281304
3290260
3293684
3294633
3296132
3297709
3297899
3298560
3301089
3301175
3303686
3304670
3306079
3311553
3312084
3313230
3313287
3313328
3314334
3314441
3314747
3315535
3317650
3320821
3322693
3323004
3326256
3327211
3327617
3329699
3330543
3331224
3332404
3333049
3337868
3338181
3341188
3341971
3343359
3345925
3346284
3347104
3347576
3348947
3349818
3349933
3350532
3351679
3352346
3354259
3354369
3355948
3358671
3360348
3360942
3361939
3362574
3364783
3364963
3365956
3369655
3370317
3372111
3372473
3373935
3376920
3381813
3382072
3382116
3382237
3384810
3384900
3389411
3389711
3390290
3391425
3391498
3391958
3392151
3393081
3396203
3397740
3398354
3400223
3402121
3402573
3402627
3403675
3405118
3405821
3407066
3407141
3407428
3408540
3409209
3410427
3411342
3413879
3414126
3414135
3414419
3414522
3414978
3415244
3415400
3415712
3417152
3417532
3417860
3419133
3420390
3422167
3423150
3423560
3423760
3424292
3425883
3427255
3427445
3428503
3432668
3443279
3447759
3448174
3448289
3458252
3472594
3472701
3472864
3475707
3476034
3476592
3492789
3492941
3493047
3493082
3497315
3498244
3498370
3504831
3505517
3505731
3506949
3507073
3507275
3508356
3513083
3517548
3529009
3536084
3536220
3555364
3555480
3560421
3561639
3564156
3566450
3567472
3567543
3574593
3575128
3576241
3576346
3576571
3577047
3582344
3593853
3598067
3602689
3602969
3610747
3613703
3613786
3617844
3620837
3621028
3627339
3629867
3629971
3633387
3633751
3635622
3650601
3650696
3656064
3656161
3656604
3656793
3657053
3667655
3668391
3669543
3671577
3671667
3673721
3673835
3675372
3679227
3679458
3684772
3684896
3691721
3692270
3692418
3696359
3696472
3696697
3696883
3700651
3700669
3700849
3702825
3703941
3705387
3705486
3705746
3710767
3711100
3712209
3712313
3717287
3718723
3718845
3724610
3725222
3728778
3729693
3734429
3734574
3734696
3736584
3736612
3736735
3738744
3741703
3741872
3741903
3746400
3746424
3746485
3746655
3752556
3752678
3753382
3754348
3754559
3755474
3757990
3758337
3762093
3764790
3766615
3768351
3770625
3770759
3770932
3776828
3776934
3780150
3785279
3785383
3789403
3789535
3793471
3793642
3798088
3798262
3798906
3799212
3800956
3800979
3803546
3803550
3803619
3805197
3806472
3806627
3806722
3806875
3809079
3809157
3809369
3810658
3812191
3812438
3812499
3812573
3812789
3814055
3814155
3814263
3820393
3820673
3820839
3821129
3821233
3821774
3822236
3822458
3822788
3823349
3824374
3824524
3826101
3830530
3833596
3833899
3834679
3836124
3836222
3836486
3843539
3843637
3844113
3847092
3847169
3847331
3847408
3847460
3849409
3849987
3850574
3850685
3850866
3851192
3860906
3862761
3865056
3865757
3869801
3879552
3882211
3882309
3897025
3900602
3901077
3901347
3902702
3913467
3913568
3917072
3918122
3921028
3928370
3928522
3928776
3931494
3933020
3933385
3937031
3937617
3938378
3939814
3939928
3942222
3942356
3943008
3945497
3948404
3948497
3948537
3948617
3948715
3951145
3954423
3957292
3957370
3960046
3963248
3963332
3963458
3964034
3964119
3969436
3970319
3971607
3973826
3974212
3974303
3974541
3980818
3980904
3981060
3987938
3988632
3991128
3993460
3996910
3998057
4000213
4002221
4002785
4004649
4015748
4015977
4018442
4019136
4019975
4020030
4023716
4023786
4024605
4025771
4026408
4038226
4038274
4043336
4055084
4055181
4060389
4061996
4062472
4063831
4064793
4064868
4066385
4067365
4069717
4069811
4070007
4070276
4078046
4078441
4080646
4082261
4083043
4086091
4089326
4090436
4091803
4092396
4093441
4096604
4097694
4098405
4100106
4100208
4100896
4101498
4101671
4102628
4103498
4105290
4110381
4111007
4111362
4111448
4113493
4114761
4115924
4118755
4119341
4120131
4120321
4120475
4120580
4123714
4124482
4125270
4125681
4129378
4129631
4129838
4131973
4132200
4137695
4143669
4147388
4151742
4155351
4161337
4161497
4163460
4163991
4166054
4168595
4170482
4170885
4173456
4175056
4177345
4183768
4183858
4183895
4184173
4184426
4187992
4188091
4188434
4189085
4189207
4190489
4193565
4193680
4194203
4194316
4196625
4196694
4197631
4198502
4198630
4198764
4198982
4200772
4201099
4202824
4204962
4205377
4205724
4213569
4214104
4215386
4217306
4218221
4219236
4219288
4219372
4220585
4221399
4225261
4225589
4225715
4226808
4227586
4227612
4230025
4230242
4232006
4240404
4240937
4243006
4250207
4250577
4250937
4251309
4252057
4255045
4255670
4256261
4257340
4257792
4260099
4260992
4262165
4263489
4265036
4267901
4274889
4275197
4279112
4280543
4282545
4288320
4290117
4290197
4293211
4302531
4304383
4307494
4308723
4323782
4330042
4332608
4347163
4347254
4348893
4349431
4352503
4356500
4356659
4359603
4359935
4363512
4363646
4365489
4365892
4375309
4378881
4380545
4382040
4385567
4393045
4393978
4397129
4398857
4398980
4399170
4404108
4411529
4411758
4412001
4413683
4417772
4417895
4418150
4418324
4418408
4422491
4422919
4423048
4423331
4423513
4424804
4425023
4425939
4430508
4435035
4436398
4436545
4447275
4447723
4448121
4448368
4457346
4460301
4460348
4464096
4464300
4464999
4466531
4466976
4468719
4468881
4472627
4473850
4475698
4475819
4479549
4480102
4480475
4484060
4485759
4485994
4486325
4492887
4493034
4494550
4500116
4500205
4500522
4501069
4506843
4508570
4508618
4510581
4510825
4511000
4512416
4512792
4517763
4519326
4520269
4522810
4523114
4524856
4524958
4525274
4527429
4532504
4535107
4535156
4536257
4539152
4539248
4539361
4539488
4547205
4547311
4553495
4553612
4553852
4556715
4556917
4557495
4560307
4563755
4564263
4564580
4571605
4572001
4574093
4574297
4576160
4576385
4576958
4577055
4577175
4577280
4587803
4588641
4590434
4590536
4593284
4594486
4600299
4600942
4602633
4604307
4605686
4608355
4609557
4611746
4613545
4615545
4615830
4616320
4618116
4619552
4621480
4621597
4623960
4624072
4629671
4633035
4633525
4635430
4640091
4640215
4640428
4654568
4654667
4654947
4656331
4657277
4658961
4659275
4659637
4660983
4662114
4663427
4673170
4673332
4674104
4674692
4677716
4680189
4684480
4689572
4694117
4698417
4698558
4700603
4705927
4710500
4710511
4710621
4710700
4710815
4714838
4715024
4715458
4715954
4716047
4716914
4717257
4722671
4722721
4722767
4722905
4724485
4724597
4727929
4728363
4728434
4728653
4729050
4730597
4731067
4734473
4736449
4738672
4738733
4740230
4751098
4751204
4751760
4753162
4754365
4758130
4758234
4758768
4760935
4761017
4762115
4762746
4763537
4767299
4767337
4767757
4768316
4769285
4769627
4770954
4775079
4775169
4776888
4778135
4778486
4780025
4784071
4784598
4784643
4788228
4789382
4792700
4792777
4795486
4798874
4799634
4801785
4802164
4803045
4803604
4804310
4804635
4807055
4819643
4821936
4824759
4824884
4827749
4828304
4829391
4829643
4829742
4831047
4831183
4831403
4833426
4833596
4833764
4834329
4834406
4834944
4835002
4835031
4835404
4835819
4835977
4840847
4841961
4842180
4843124
4844564
4845127
4845293
4845559
4847793
4848154
4848380
4848736
4851360
4851908
4853025
4854135
4854803
4858526
4864647
4864878
4870551
4870762
4871222
4871622
4873624
4874284
4877194
4877495
4878325
4879853
4880435
4881010
4881131
4886764
4890578
4891614
4892450
4893131
4893593
4895982
4896547
4899178
4899471
4899767
4901262
4901822
4902936
4904381
4904726
4904856
4905516
4907908
4910090
4910177
4911620
4912160
4913276
4916748
4917922
4918080
4922419
4924272
4926412
4927603
4930164
4931649
4933444
4934403
4934549
4937751
4939968
4949162
4949177
4960761
4963817
4964291
4966285
4967582
4968234
4968863
4970510
4972877
4973351
4975788
4977565
4977667
4978243
4978681
4984239
4986232
4987318
4988192
4998938
4999012
5005134
5008929
5014416
5018270
5018654
5025512
5029257
5030212
5033839
5036330
5036405
5036740
5038394
5038506
5038889
5046573
5052760
5061508
5061603
5061807
5062837
5068443
5070062
5070079
5070355
5071297
5071388
5071901
5073591
5074081
5075603
5078464
5080487
5084097
5084181
5085558
5085571
5086225
5087531
5087602
5087619
5087704
5087808
5090213
5094265
5099145
5099740
5104392
5105024
5109395
5110429
5110957
5111063
5111154
5111350
5111638
5114477
5116215
5120441
5121892
5122197
5125690
5126110
5128042
5128680
5131589
5132805
5133256
5133349
5134310
5137404
5137957
5139524
5141421
5141809
5142092
5142917
5143051
5144589
5146590
5147800
5149420
5151798
5151902
5153167
5155541
5155821
5156216
5157908
5159914
5169510
5171396
5173996
5174607
5179154
5179775
5179906
5180638
5181119
5181520
5181671
5182103
5182285
5182845
5183617
5185298
5185336
5192216
5192368
5194935
5195056
5199914
5200019
5205717
5205872
5206409
5208727
5209842
5214727
5215603
5217364
5217471
5218454
5219420
5219519
5221520
5221610
5221753
5221778
5223020
5226664
5237282
5244383
5245787
5246574
5247532
5247679
5250556
5252680
5253197
5253352
5256284
5256360
5257575
5257605
5258760
5259887
5266653
5267924
5270237
5270663
5271240
5273658
5273795
5273936
5274218
5274337
5274511
5274657
5275505
5276686
5282633
5282846
5285596
5287936
5288431
5291423
5291515
5291727
5293280
5294494
5294649
5296910
5297473
5299834
5300998
5302309
5314556
5324678
5328774
5328920
5335867
5336738
5340679
5343410
5344590
5348914
5349911
5352382
5352501
5354882
5357674
5362502
5363706
5365464
5365759
5367842
5367875
5368076
5369187
5371650
5372222
5376889
5378881
5383566
5386176
5397403
5398311
5398355
5398376
5398485
5399116
5399611
5403755
5405527
5405641
5409397
5410172
5410521
5411533
5412714
5414194
5422000
5424305
5425137
5427113
5431259
5432426
5433908
5433998
5436430
5439625
5441315
5446853
5450462
5453190
5453317
5460365
5461517
5463214
5463551
5463814
5467408
5468258
5469674
5469929
5471127
5472000
5472068
5472103
5473908
5474333
5474396
5475272
5475343
5475378
5475714
5479058
5481080
5482883
5487345
5488436
5490531
5490677
5490829
5492370
5492464
5492663
5492763
5493802
5495961
5496119
5496247
5496796
5497659
5498367
5498973
5503577
5503714
5504244
5507028
5508835
5508948
5509789
5510940
5513619
5513644
5519197
5519620
5519878
5520923
5521853
5521978
5522189
5522491
5522582
5523906
5524043
5525489
5526065
5526238
5526651
5527383
5527625
5528583
5530366
5533790
5534451
5535181
5535435
5535929
5536269
5536616
5537703
5537879
5539382
5540286
5541555
5542626
5543312
5543525
5543649
5543677
5543915
5544363
5544806
5544895
5545894
5546050
5546214
5546341
5547789
5548084
5549960
5550916
5554984
5559156
5560231
5560370
5560570
5561904
5562093
5563792
5565867
5565943
5567671
5567929
5568149
5569103
5569803
5571196
5571423
5571545
5571625
5571738
5572999
5573131
5574836
5574921
5575452
5577112
5578318
5579658
5579760
5580141
5580481
5580788
5581713
5581784
5581812
5582358
5584102
5584129
5584143
5585739
5586077
5591484
5591560
5593526
5593631
5594622
5595115
5595842
5595908
5596901
5600161
5601467
5601540
5601786
5601892
5603038
5603539
5604511
5606936
5607484
5607632
5616307
5623941
5625092
5625129
5625931
5630404
5630878
5631030
5631082
5631321
5631473
5631573
5632864
5633440
5633528
5634827
5634951
5635395
5637542
5638283
5639160
5640772
5641075
5642559
5642768
5644721
5644922
5645084
5646243
5646887
5648211
5653069
5653171
5653253
5653306
5653800
5654614
5659379
5659498
5660596
5660792
5661580
5661968
5662073
5664088
5666555
5668742
5668959
5671075
5671576
5672121
5675313
5679419
5681350
5681885
5682580
5684249
5685352
5686032
5688454
5701630
5703348
5703488
5707397
5709357
5710940
5712929
5713011
5716367
5716413
5716963
5718239
5720207
5725660
5725749
5725892
5727189
5727314
5728157
5732237
5733993
5734519
5738513
5738895
5740473
5743493
5744523
5744601
5744634
5744743
5746338
5746482
5746906
5747237
5748568
5750258
5750347
5751152
5753450
5753463
5756355
5756528
5757921
5758551
5764707
5764720
5764889
5765165
5769719
5772405
5774072
5774159
5777756
5780356
5780869
5781351
5782437
5784530
5785121
5785292
5789833
5790034
5790868
5793705
5794467
5795259
5797073
5797926
5798068
5801309
5802953
5803714
5804541
5805608
5806962
5807957
5809138
5810654
5810872
5813448
5816790
5821956
5822049
5823832
5824699
5827036
5829569
5831036
5834869
5838681
5839493
5844539
5846339
5848776
5848872
5848940
5849235
5852201
5852304
5852537
5856855
5856919
5859876
5860723
5861270
5864260
5864479
5866238
5869532
5871276
5871378
5871749
5872202
5873421
5874836
5877365
5887255
5891131
5891411
5892110
5892581
5892856
5894393
5900680
5901820
5906144
5906784
5908630
5911887
5915790
5915910
5918697
5918890
5926230
5926794
5934540
5935402
5940269
5945029
5947747
5951286
5951508
5953737
5954613
5957263
5960158
5960972
5964055
5968182
5968280
5973373
5974351
5976290
5978423
5978737
5979181
5981718
5981953
5982228
5984979
5985091
5985318
5985792
5986997
5987863
5988535
5988595
5989418
5991343
5991549
5991879
5993579
5995721
5997640
5997709
5997888
5999241
6003833
6006542
6006640
6009799
6010525
6015007
6015208
6017979
6019385
6020270
6021791
6022467
6022888
6023232
6025208
6025634
6027536
6028602
6028917
6029637
6032682
6033959
6042596
6044948
6048675
6049631
6052561
6052830
6052991
6055543
6059849
6060257
6067165
6067679
6072227
6079240
6083414
6087670
6087879
6087985
6088429
6090858
6091087
6091710
6093244
6093450
6095243
6095533
6097534
6097674
6101266
6101357
6101939
6102119
6102626
6107704
6111939
6112050
6117825
6118601
6121111
6125130
6128678
6134452
6134738
6156710
6157911
6158497
6158695
6159108
6159201
6159822
6160533
6163114
6164614
6164748
6167111
6179126
6183516
6183614
6183757
6183855
6187846
6189640
6190395
6191012
6191201
6191418
6191461
6193272
6193564
6193617
6194912
6195202
6200081
6200729
6203817
6205780
6206524
6208644
6210496
6215869
6215993
6216340
6216415
6219506
6220075
6220802
6221208
6225330
6226531
6227134
6228408
6229068
6230476
6230548
6230648
6231122
6231161
6232673
6234148
6235618
6236137
6236239
6237807
6242620
6243140
6243217
6244048
6246551
6246711
6247017
6247740
6249207
6251562
6253855
6256308
6256812
6257594
6257644
6257896
6258641
6261299
6262802
6263694
6264329
6266382
6268817
6269389
6269922
6270286
6270379
6270712
6270830
6271327
6275005
6275114
6276251
6276598
6278920
6279460
6281457
6281583
6281725
6282405
6282603
6282642
6282779
6283390
6285115
6287635
6287732
6291473
6293957
6297906
6300626
6300652
6301028
6301157
6303449
6305305
6305441
6305682
6305818
6310208
6310358
6310899
6317154
6321543
6321848
6323273
6323961
6324075
6324488
6330467
6334398
6346625
6356801
6363828
6364565
6370835
6371395
6371534
6374930
6374970
6375789
6375885
6376084
6378708
6378796
6381525
6381686
6381790
6381814
6382083
6392486
6396494
6396677
6396873
6404065
6404859
6405121
6407524
6408505
6408752
6408905
6410693
6411496
6414860
6415128
6415378
6417006
6417103
6417992
6418194
6418516
6425218
6426192
6427101
6428808
6429499
6432106
6438083
6438423
6445730
6447158
6447450
6456682
6457279
6460569
6461128
6462796
6462961
6465154
6469501
6469686
6469780
6470121
6470258
6470409
6473956
6474054
6474441
6474526
6475696
6475907
6475999
6476244
6479009
6480446
6481001
6481171
6481193
6481621
6484216
6484698
6485550
6485900
6485943
6486586
6487565
6487639
6487652
6488010
6488886
6490889
6493291
6493371
6495923
6496118
6496337
6503210
6504633
6504922
6505399
6506968
6508031
6512232
6513848
6514039
6514197
6514412
6515743
6518457
6518572
6518733
6522180
6528302
6528432
6528891
6535779
6537755
6540882
6543292
6546035
6547570
6553898
6553994
6554152
6554952
6555123
6556230
6558450
6558603
6559107
6560835
6561136
6561325
6562346
6564299
6564358
6567229
6567286
6570823
6572893
6573300
6574780
6577043
6577142
6577371
6579476
6579952
6587249
6589852
6591841
6591906
6592430
6593225
6593466
6596260
6596628
6597175
6597456
6598641
6598750
6600770
6600958
6602041
6602915
6609553
6612033
6613613
6614798
6615893
6625820
6635832
6635951
6639139
6639450
6641198
6642521
6644170
6644601
6646523
6646946
6647735
6649939
6650660
6651625
6653863
6654356
6654457
6656176
6656635
6656986
6656990
6657452
6657542
6657793
6657866
6661302
6662080
6666820
6667285
6670571
6671334
6671546
6673901
6673949
6674220
6675397
6677860
6677963
6678308
6678539
6678647
6678950
6679357
6679947
6681329
6681670
6681973
6682399
6682836
6683693
6685215
6685287
6685408
6685943
6686052
6686965
6688441
6689444
6689569
6689881
6692608
6693756
6694465
6695112
6695574
6695665
6696427
6697458
6697687
6699843
6700358
6700467
6707153
6708418
6710559
6711916
6712570
6712667
6712745
6713784
6713958
6714106
6714315
6715215
6716113
6717963
6718062
6718169
6720559
6720645
6721248
6721868
6722904
6724418
6724509
6725674
6730560
6730720
6733175
6734605
6735763
6735851
6736886
6736980
6737555
6737750
6737770
6737983
6741321
6745218
6746111
6746703
6749953
6750522
6750535
6750675
6751383
6751469
6752188
6752451
6753449
6753735
6753841
6754023
6758374
6759039
6762604
6763024
6763188
6763735
6764079
6764727
6764760
6766489
6766880
6769324
6770951
6772988
6777653
6778274
6784977
6788813
6794980
6795537
6798695
6800670
6800764
6802176
6803095
6803180
6803328
6803452
6804113
6805672
6810494
6813560
6814299
6820691
6824671
6828177
6831680
6833232
6833411
6835338
6836798
6837582
6838920
6844912
6846010
6857025
6857213
6857464
6858384
6860235
6860428
6871746
6871836
6872057
6873456
6874827
6874977
6875140
6876976
6877949
6878860
6879097
6880960
6882535
6886251
6887130
6887164
6887337
6888016
6888346
6894045
6894136
6894318
6895415
6900954
6901270
6905475
6905859
6909478
6909562
6909945
6910293
6910448
6913871
6914116
6925369
6925852
6926825
6926986
6927148
6929450
6930323
6932430
6932873
6935963
6937022
6940831
6940931
6949100
6951191
6956287
6957718
6960854
6962903
6963047
6969794
6970239
6970504
6971245
6971433
6971612
6971967
6972237
6975684
6976751
6976913
6977032
6982285
6982727
6992013
6993886
6998589
6998701
7003015
7003851
7004655
7005322
7009329
7009783
7015615
7018768
7018833
7019046
7019218
7021874
7022412
7033847
7034489
7034959
7037662
7040995
7041766
7042188
7043533
7051266
7051357
7054778
7060474
7060840
7064155
7066761
7068003
7068123
7068283
7068519
7068781
7079876
7080037
7081359
7081466
7081881
7084943
7086925
7098606
7099566
7099812
7100881
7107830
7114482
7115794
7115934
7116151
7119298
7122282
7123072
7123179
7123340
7128175
7132734
7132904
7133263
7133521
7133874
7135663
7136060
7136330
7139692
7140337
7140558
7141617
7143945
7146723
7147373
7147600
7148039
7148117
7148640
7149026
7149114
7150031
7153029
7154369
7154492
7154697
7154839
7155045
7157597
7160241
7160504
7161557
7164696
7167094
7167354
7168497
7169327
7169377
7169401
7169483
7171398
7172026
7172106
7180202
7180320
7180629
7180656
7183124
7183677
7183827
7184276
7186224
7188115
7188219
7188544
7188742
7191140
7191266
7193044
7193138
7193637
7195382
7195803
7199622
7205366
7205647
7205771
7206168
7206267
7206382
7208125
7209061
7209577
7210659
7210711
7213759
7213854
7214037
7214102
7214183
7215774
7219347
7222050
7227036
7228470
7228590
7228714
7228894
7229096
7229507
7230085
7230189
7231396
7239337
7243085
7245538
7245642
7246897
7249593
7249694
7250361
7252906
7253538
7259746
7272077
7272398
7272426
7276930
7278346
7279739
7284411
7288141
7291115
7292701
7294116
7297754
7299041
7300895
7301659
7303343
7304978
7306651
7306813
7307661
7308133
7310351
7312323
7312409
7313784
7314335
7314568
7314668
7315179
7315368
7315594
7317741
7318566
7318591
7318634
7318682
7324291
7325417
7325549
7327366
7328928
7329940
7331337
7331541
7333199
7336623
7336944
7337636
7340433
7343013
7343916
7345170
7348153
7349229
7350530
7351178
7351312
7352232
7354998
7355164
7357472
7357917
7358391
7359989
7360262
7360807
7360916
7364837
7366066
7368668
7372798
7373155
7373244
7375144
7382133
7390752
7391382
7392843
7402055
7402178
7410475
7413893
7418192
7424433
7424525
7427650
7429704
7431336
7431582
7431620
7432391
7432465
7436627
7439556
7439773
7441182
7442068
7452189
7452493
7453827
7454084
7454124
7454251
7454451
7454782
7455053
7456103
7456440
7456574
7456832
7458038
7458115
7458364
7458581
7459361
7460051
7460906
7461972
7462096
7462383
7462485
7465789
7465992
7466199
7467389
7467744
7470215
7470594
7473385
7473454
7474414
7477229
7480689
7481184
7481204
7482081
7484600
7484663
7485801
7486228
7486960
7488850
7489611
7490490
7491663
7494156
7495116
7495432
7500829
7503635
7507799
7507907
7511534
7518145
7521416
7521618
7524074
7524380
7525013
7525134
7525534
7525618
7525660
7525773
7528396
7528412
7529026
7529533
7530764
7531835
7532535
7532704
7534460
7534736
7535107
7535377
7535688
7535973
7538343
7538875
7540402
7542366
7543282
7543986
7545943
7546165
7548040
7548601
7550438
7551131
7551658
7554108
7554183
7554634
7554968
7557516
7560802
7560958
7561851
7562811
7563639
7564746
7564968
7565951
7566282
7566617
7567302
7567420
7568423
7571009
7571160
7571844
7573808
7576699
7577973
7579295
7579368
7580525
7581028
7581858
7584309
7584559
7590098
7592013
7592103
7592176
7592262
7592383
7594753
7601341
7605069
7605210
7605970
7607007
7607958
7610538
7610901
7612744
7614834
7614919
7619619
7623047
7623211
7626223
7626294
7626506
7628529
7630830
7632274
7633293
7644779
7644926
7645209
7645372
7646968
7649574
7651181
7654877
7655044
7657680
7657784
7658666
7658837
7660342
7660451
7664214
7664575
7665695
7665745
7665789
7666561
7668542
7668641
7671016
7671563
7675065
7675425
7675748
7676258
7678286
7679542
7680545
7681320
7684662
7684718
7685184
7689095
7689258
7689595
7693434
7696978
7697056
7698915
7699061
7700545
7701468
7701863
7708630
7708746
7709684
7710651
7712050
7712241
7712840
7717044
7717144
7717300
7717492
7717717
7721324
7723962
7725995
7727134
7734679
7734986
7741809
7741918
7742057
7748903
7754739
7758314
7760629
7761989
7766279
7770250
7770338
7774785
7774904
7783481
7786888
7790577
7791219
7793606
7793792
7794105
7800454
7800826
7802781
7805761
7805892
7805938
7810685
7813174
7814850
7815356
7815439
7815892
7817253
7817500
7824261
7824386
7825101
7826341
7828947
7829258
7830152
7830307
7840009
7841169
7848538
7852905
7853919
7854081
7857307
7859946
7862255
7862345
7864194
7864290
7867505
7867622
7868678
7869860
7872818
7876281
7877446
7879087
7881059
7881132
7883170
7883520
7883851
7889761
7889876
7893798
7894115
7898335
7899253
7899360
7902087
7902250
7902400
7902413
7902502
7906332
7906427
7908180
7908339
7908373
7908557
7916433
7917846
7932374
7933984
7934290
7936380
7947461
7947571
7949532
7949644
7951033
7951174
7953226
7954028
7954206
7954711
7956704
7957569
7965987
7966084
7968928
7969111
7969740
7969857
7970033
7970268
7970560
7974297
7974416
7977378
7977579
7978926
7979037
7992148
7992264
7997749
8001279
8002297
8007714
8007815
8008197
8012200
8013472
8013780
8013924
8014477
8015588
8015905
8016061
8016645
8018648
8020129
8022663
8023062
8023283
8024753
8026653
8026737
8027242
8028968
8031424
8031527
8035247
8036056
8036246
8036746
8036828
8037201
8037412
8037825
8039571
8040515
8041382
8041844
8043324
8043637
8045053
8045263
8046262
8046333
8046449
8047092
8047236
8048837
8052027
8052116
8052795
8053157
8053401
8053503
8053593
8055561
8056178
8058726
8059253
8059867
8061939
8064029
8064141
8064281
8064445
8064856
8065259
8066809
8066874
8067173
8067974
8068649
8069323
8069648
8071558
8075081
8078175
8081900
8081928
8083523
8083762
8084601
8085987
8086505
8086584
8086704
8086885
8088110
8090532
8090777
8091013
8091339
8091521
8094902
8095414
8095479
8095642
8098762
8102097
8102208
8102358
8102555
8102671
8104464
8104823
8110004
8110628
8110738
8110826
8111907
8112002
8112278
8112861
8114541
8114981
8117502
8117889
8118003
8119711
8120485
8121680
8121857
8122384
8122989
8124233
8124643
8124732
8126881
8127204
8127515
8127714
8130454
8130535
8131439
8132227
8132438
8135690
8137243
8137339
8138191
8140773
8141216
8141855
8142865
8142949
8143066
8150940
8151109
8153198
8153677
8154111
8155210
8156007
8156096
8157592
8157615
8157637
8158088
8159181
8160362
8161052
8163920
8165944
8167161
8170269
8170492
8171278
8171440
8173713
8175532
8176451
8176545
8177100
8179426
8179531
8179637
8179881
8181629
8181706
8182020
8186650
8186866
8189353
8189825
8190017
8190400
8190924
8191102
8191364
8191496
8191758
8195076
8195247
8197669
8198289
8200455
8202122
8203064
8205016
8205353
8207618
8209463
8210684
8213427
8224653
8231967
8245182
8245382
8245532
8250753
8250783
8250879
8251001
8252652
8255873
8256034
8256128
8256627
8260413
8262321
8262463
8262588
8264906
8265268
8266137
8266870
8268063
8273074
8274318
8277253
8279317
8281830
8283291
8287662
8288425
8289688
8290124
8296502
8302846
8304599
8304798
8305655
8311001
8312062
8313011
8314357
8323640
8323743
8327077
8327204
8327386
8329660
8336624
8337209
8340776
8341186
8342525
8342632
8344097
8357660
8358844
8366326
8369545
8375791
8380760
8383507
8385634
8395482
8405048
8408494
8410574
8416318
8418109
8421436
8425698
8425824
8430461
8430999
8446096
8446273
8447268
8466169
8471358
8471440
8471781
8471903
8472025
8478823
8479414
8483557
8486124
8486235
8487787
8490155
8490604
8491939
8493126
8494232
8494461
8496601
8496719
8496987
8498161
8498826
8499146
8499397
8499649
8500088
8500871
8500965
8501662
8501744
8503413
8503630
8503769
8504889
8505219
8505721
8511851
8515947
8517304
8518120
8518275
8518550
8519635
8519761
8520151
8522730
8523008
8526759
8527063
8527433
8528722
8528794
8529367
8529940
8530339
8532123
8532193
8532743
8533403
8534212
8534680
8536611
8536690
8541614
8541796
8543157
8544586
8548919
8548942
8549954
8553908
8553953
8557560
8557758
8560428
8561378
8561524
8563460
8564037
8565931
8566387
8572391
8572532
8572575
8575031
8575954
8577822
8578127
8580835
8581058
8583787
8583979
8587677
8590377
8592432
8596111
8596242
8596384
8597847
8597910
8598088
8598378
8599056
8599777
8599860
8601917
8601976
8602289
8602673
8604582
8604655
8605121
8607216
8607290
8607716
8607807
8607968
8608188
8614079
8614596
8615093
8615585
8615958
8616460
8617024
8617623
8618046
8618184
8618952
8619023
8621728
8621811
8623526
8623634
8623814
8624627
8624772
8625091
8625206
8626772
8626929
8627203
8627569
8628289
8629347
8629420
8629628
8630026
8631626
8631730
8632472
8634011
8634188
8635319
8635468
8636696
8639070
8639996
8640420
8642263
8642604
8642925
8644298
8644536
8645283
8645779
8645863
8648225
8649761
8653939
8654308
8655306
8655643
8657386
8657896
8661248
8661979
8664035
8664402
8665819
8665962
8666320
8667360
8667413
8667520
8668213
8670503
8670594
8671888
8672469
8672545
8672626
8673836
8674060
8674092
8674251
8675197
8675601
8676581
8677204
8677616
8677965
8678946
8680944
8681082
8685426
8687870
8688282
8688976
8689966
8694175
8695800
8695871
8696157
8696496
8698167
8700138
8700699
8702167
8704243
8704648
8709935
8709978
8715029
8719074
8719272
8721033
8728937
8730667
8733783
8733802
8733985
8735318
8737366
8739003
8739521
8742240
8742341
8743027
8743990
8745903
8746780
8747679
8747759
8748082
8748185
8748519
8748726
8754369
8758264
8759470
8761856
8762111
8763536
8763824
8764307
8764425
8766272
8767764
8767785
8768158
8768504
8770381
8777309
8778704
8779165
8779242
8780618
8780972
8781242
8781744
8782797
8783296
8783870
8785418
8785814
8787787
8787807
8787852
8800647
8801348
8803644
8803843
8803965
8804262
8804936
8806871
8809648
8810288
8811972
8814774
8814960
8817529
8818338
8819946
8822578
8825457
8830955
8831184
8835546
8835943
8836410
8840034
8841576
8842368
8855405
8858548
8865726
8869733
8870695
8870833
8878246
8878354
8880098
8880268
8881522
8883188
8884336
8885617
8886173
8887691
8888845
8891199
8891809
8893221
8901075
8909609
8909708
8911367
8917626
8918084
8921232
8921629
8923930
8924889
8925585
8925776
8925910
8928616
8928893
8928971
8929048
8929573
8929674
8929802
8930881
8932906
8937589
8937841
8941136
8945522
8945626
8947394
8950370
8950791
8951686
8952010
8952315
8953601
8953728
8954534
8954768
8958964
8959091
8959664
8961784
8963423
8963657
8969308
8971122
8974412
8975584
8977567
8981922
8989733
8990061
8992681
8993785
8997238
9005833
9006029
9006813
9007484
9007678
9008752
9010104
9014495
9018922
9020235
9020939
9021517
9023762
9024744
9026074
9026174
9027305
9028219
9028799
9029656
9030908
9030985
9032417
9033010
9033960
9034836
9036497
9038051
9038431
9038602
9038620
9041428
9041490
9042113
9043287
9043702
9043760
9044841
9046678
9047484
9049069
9049124
9050793
9052954
9053129
9053546
9053759
9053864
9055805
9056067
9067719
9067864
9069181
9070054
9070685
9070779
9070920
9071941
9072077
9073918
9074386
9074669
9074761
9078402
9081445
9083349
9083570
9083727
9086710
9086820
9090245
9093426
9093702
9094177
9094972
9096896
9097072
9097470
9099877
9100203
9100563
9100654
9102226
9102395
9105795
9107112
9109571
9113430
9113508
9115127
9115184
9115252
9115460
9118600
9118666
9118757
9118854
9119888
9120364
9120617
9121089
9121888
9121963
9122061
9122161
9123041
9123251
9124294
9124432
9124478
9126368
9126930
9127012
9128754
9130563
9130688
9130929
9132228
9132557
9133167
9133620
9133836
9134637
9134751
9135366
9135471
9137498
9137575
9139321
9139391
9140718
9140837
9140904
9141020
9141793
9141891
9142017
9142708
9144592
9145208
9146511
9149269
9150949
9151045
9153483
9153571
9153643
9153748
9153952
9154341
9154506
9154825
9155813
9156689
9156776
9157028
9159298
9159518
9159775
9159923
9164780
9164888
9166282
9166355
9166680
9166788
9170155
9170622
9171097
9173395
9174531
9176933
9178762
9179311
9179388
9180677
9180952
9181034
9181457
9182869
9183453
9184042
9186312
9186404
9188308
9188781
9191106
9192892
9193014
9194126
9196970
9197104
9197991
9198091
9198414
9199043
9199792
9199852
9200817
9202146
9202443
9204431
9204519
9205141
9209528
9209805
9212144
9215003
9216769
9216916
9218185
9218793
9218984
9221735
9224232
9226642
9226736
9228202
9229022
9230730
9231053
9231122
9233422
9234364
9239066
9242795
9243158
9244812
9244949
9245486
9246776
9246954
9247121
9247402
9249149
9249279
9250885
9250909
9251076
9251564
9251630
9252389
9252424
9252469
9252530
9252980
9255036
9255140
9255876
9255959
9258450
9258602
9258798
9258866
9259536
9260303
9262658
9263621
9265674
9268563
9271205
9271433
9273737
9278990
9282120
9282429
9282469
9282727
9284388
9284473
9286794
9289357
9291807
9297885
9299135
9312213
9312323
9312701
9313448
9315898
9331500
9336855
9361609
9362388
9363063
9365162
9367553
9375037
9375187
9375404
9375598
9376019
9376661
9377120
9380842
9383791
9384293
9384471
9388857
9388956
9391881
9391987
9392701
9392805
9399181
9399312
9399507
9400312
9402511
9402671
9406150
9406232
9409731
9410159
9411578
9413565
9417787
9417967
9421680
9424656
9425002
9436011
9436304
9436673
9436698
9438732
9441666
9444438
9447707
9447780
9450919
9454946
9455054
9455378
9455492
9456873
9457301
9457953
9459728
9461670
9463586
9463669
9463833
9464174
9469720
9469865
9472726
9475473
9475528
9476574
9476712
9477268
9479250
9479500
9483872
9483948
9484296
9484527
9484649
9486331
9486446
9486503
9486644
9490021
9490399
9493718
9495848
9495927
9496187
9496355
9498817
9498885
9499000
9499552
9500566
9500686
9502081
9502163
9502918
9504729
9505707
9505815
9507596
9507670
9507936
9508045
9508155
9509058
9509564
9509927
9511459
9511531
9512519
9514109
9514338
9514476
9520850
9520861
9523518
9523672
9524477
9525120
9527015
9527993
9528402
9529393
9530513
9532000
9532122
9532389
9532941
9534388
9534497
9534930
9535030
9535408
9539487
9541193
9542181
9545653
9546800
9547752
9548202
9548422
9549351
9549422
9549510
9549785
9549898
9550125
9553612
9553916
9554300
9555341
9555559
9556062
9556560
9557237
9558611
9559192
9565711
9565737
9566397
9568872
9569334
9569452
9570144
9570621
9571315
9576680
9579428
9583486
9583794
9583830
9586673
9590063
9593037
9593134
9593721
9598255
9602145
9604349
9604454
9605045
9605239
9606818
9606998
9608092
9610125
9610752
9612427
9612653
9612921
9612947
9613017
9613585
9617274
9617714
9617788
9619969
9620799
9621095
9622600
9623008
9623032
9623340
9624266
9624782
9626898
9628966
9629347
9630089
9632544
9634738
9634865
9640905
9641621
9641736
9643513
9643625
9643746
9644824
9644915
9647316
9649733
9649812
9650302
9650717
9650817
9654825
9655636
9660509
9665883
9666599
9668349
9670672
9670721
9670823
9677709
9677813
9678015
9678198
9679284
9682667
9685389
9685511
9686568
9687741
9695191
9695387
9696429
9696761
9701103
9701371
9701556
9707057
9707226
9710597
9711223
9715670
9716631
9719219
9719554
9720113
9720244
9722331
9722774
9722793
9727972
9729385
9730696
9731868
9731948
9732028
9732171
9734764
9735191
9735307
9737013
9738993
9739065
9739235
9739782
9740741
9741216
9742796
9743062
9744301
9744727
9746321
9746896
9747266
9747293
9748578
9748745
9748756
9749167
9749767
9750483
9750533
9750597
9750676
9750998
9752650
9752847
9753060
9753485
9755591
9756536
9757317
9757511
9758318
9758575
9758851
9759050
9759831
9760094
9761625
9766257
9766719
9766803
9768683
9770808
9771148
9771248
9771347
9771659
9774066
9774130
9776169
9779336
9779414
9780011
9780085
9781963
9782041
9783439
9784026
9784147
9784352
9785133
9785210
9786857
9788738
9789652
9790426
9790510
9791171
9791364
9792721
9792813
9792947
9793256
9793326
9793543
9793779
9793927
9795704
9795907
9796340
9796824
9796956
9797619
9800874
9801943
9803597
9805671
9805783
9809560
9809793
9810372
9811173
9811320
9811736
9811947
9814721
9814888
9815701
9815930
9816219
9817331
9819072
9819930
9822205
9823820
9825144
9828377
9829112
9830620
9830776
9831206
9831269
9831486
9832358
9833292
9833619
9837169
9839551
9841308
9841343
9841455
9843631
9843824
9845233
9847042
9847089
9847137
9847646
9849590
9849691
9850161
9850340
9854692
9854763
9859708
9859800
9860309
9860706
9861327
9861406
9861414
9861555
9861670
9864085
9864301
9865341
9866730
9868525
9868990
9869913
9871128
9871730
9874261
9876452
9876878
9878990
9881959
9882415
9886888
9888315
9888373
9890385
9890463
9890786
9890908
9891001
9892678
9892994
9893224
9893882
9895033
9897200
9897416
9898790
9899339
9900755
9900774
9901714
9903512
9905657
9908278
9909193
9909599
9909851
9911088
9911188
9911198
9911266
9912179
9912719
9912859
9912933
9913084
9913280
9913760
9916475
9916570
9916783
9921912
9922346
9924649
9926493
9927165
9929592
9929857
9930448
9930653
9930984
9931584
9932330
9932645
9932707
9934179
9934274
9935983
9937956
9938814
9945844
9945958
9947158
9949434
9949536
9949823
9952053
9952142
9953125
9955600
9955944
9956544
9958041
9958159
9958985
9959069
9961122
9963982
9964450
9965076
9970093
9970854
9971023
9971327
9971685
9972111
9972323
9979361
9987817
9987917
9988296
9991811
9991901
9992319
9994831
9995039
9995168
9996461
9997726
9999088
9999825
9999922
10000237
10004212
10004420
10007534
10008456
10008999
10009749
10010088
10015396
10015500
10019680
10019819
10023675
10026914
10032363
10036169
10037696
10043938
10046065
10046425
10046611
10047539
10047641
10047863
10053137
10053811
10054581
10055218
10057819
10059554
10060240
10069242
10070803
10073017
10073554
10079663
10083975
10088426
10088544
10088716
10101050
10104330
10104446
10109903
10110657
10121397
10123835
10123916
10124457
10124602
10124719
10124839
10125524
10127811
10134163
10134203
10134439
10134591
10136451
10138140
10139041
10142087
10142476
10145274
10149094
10151694
10151838
10152041
10161430
10161816
10163749
10163944
10168120
10170151
10172522
10175517
10176039
10176906
10176996
10178411
10180807
10185580
10186390
10186557
10190112
10191428
10191954
10194136
10195110
10197045
10197398
10203165
10206751
10206837
10209280
10215720
10219343
10222412
10222492
10224404
10226605
10229323
10229786
10231019
10231717
10233502
10234031
10237967
10238387
10247220
10247402
10252436
10252684
10254681
10254915
10257249
10257433
10257511
10260752
10268494
10269519
10269580
10269741
10272670
10272763
10273580
10274923
10276736
10277425
10277603
10277692
10277989
10279600
10279713
10283239
10283630
10283674
10285160
10285961
10286055
10291644
10292676
10296583
10300995
10301099
10308401
10312060
10314909
10316613
10318438
10320569
10320625
10322490
10322688
10324495
10325097
10325479
10325997
10327743
10328479
10329410
10329437
10332280
10332397
10332420
10333747
10333821
10334105
10337171
10339766
10340759
10341227
10342378
10346048
10346143
10346488
10348423
10348459
10350268
10357285
10363325
10364110
10369005
10372591
10374067
10377096
10380500
10383570
10384464
10388763
10388829
10389397
10390763
10391049
10391263
10391527
10394096
10396878
10397417
10400064
10400159
10408516
10408634
10411091
10412822
10412950
10419911
10419999
10420318
10421456
10421771
10425691
10428733
10432472
10432582
10433395
10440127
10440304
10445517
10448331
10453383
10463101
10463419
10465143
10465274
10469721
10469858
10470037
10472317
10472495
10472981
10499572
10499717
10502293
10510254
10510375
10511736
10517696
10517993
10518185
10524056
10525733
10525834
10529216
10534325
10543297
10543838
10547536
10550462
10550571
10550917
10551286
10554917
10554954
10564035
10568908
10569297
10569409
10574072
10574273
10575464
10579259
10579712
10581136
10581507
10582368
10584760
10585291
10585422
10585762
10589107
10589704
10589822
10590025
10596376
10596954
10599051
10601276
10601443
10601578
10603583
10607311
10608822
10611112
10612002
10612027
10612425
10612541
10613118
10613197
10620213
10625940
10634244
10640802
10645145
10645471
10646961
10649075
10649162
10652342
10653590
10654644
10655636
10655722
10655943
10656864
10657728
10658942
10666630
10666728
10667946
10671121
10671184
10671279
10675471
10675822
10677644
10680679
10681453
10681542
10681722
10681868
10685367
10685448
10686609
10691092
10691165
10691244
10691308
10693445
10693548
10694113
10694884
10696227
10696556
10696908
10698245
10703193
10708808
10711812
10713306
10713651
10713888
10713959
10718158
10718562
10718653
10718756
10718804
10719055
10720136
10720407
10720627
10722526
10722707
10722945
10724492
10724579
10727585
10734590
10734891
10737361
10738261
10738537
10739046
10739090
10740343
10742495
10743473
10743739
10743821
10744339
10746020
10746424
10746622
10747091
10749313
10754171
10757778
10758083
10765551
10768020
10770828
10772874
10776852
10776898
10776976
10779195
10790388
10790668
10796370
10808568
10811556
10811866
10812169
10812427
10812578
10824553
10824804
10825108
10832689
10836355
10836410
10836567
10839247
10840198
10840260
10841068
10841262
10844046
10847380
10849333
10849799
10851234
10851672
10851833
10857285
10857709
10864773
10866294
10867970
10870542
10870551
10870602
10875328
10883321
10883847
10885536
10895238
10896494
10898745
10898943
10899031
10899186
10902826
10902929
10903764
10903887
10904435
10904528
10904937
10906426
10906564
10908721
10910168
10914638
10914796
10915314
10919872
10923052
10923176
10923380
10931943
10939693
10952522
10956167
10960047
10970265
10971764
10972439
10972569
10972578
10973621
10978539
10978804
10979228
10979294
10979744
10981220
10981662
10983179
10983264
10983725
10983996
10984121
10984244
10987204
10987957
10988475
10989035
10989189
10990929
10991223
10991444
10993295
10993799
10995915
10996227
10997665
10997767
10997912
10998775
10999647
10999767
11000450
11001100
11004289
11005081
11006491
11007681
11007856
11008059
11009247
11011568
11013251
11013329
11013529
11013806
11015156
11015252
11015386
11016095
11016267
11016616
11017807
11018387
11018475
11018953
11020630
11021015
11021202
11023759
11024320
11025045
11025389
11027308
11027381
11027572
11027709
11029134
11029189
11029499
11030746
11030855
11031011
11032351
11032684
11032833
11037071
11037213
11038097
11038197
11039168
11039452
11039689
11040603
11040664
11040997
11041241
11043121
11043209
11043293
11043579
11043681
11045384
11045588
11047869
11049633
11049727
11052127
11052199
11054368
11056152
11056418
11057137
11057343
11057633
11057830
11058014
11059630
11059902
11063740
11067659
11068586
11068610
11070314
11070459
11070581
11070643
11071901
11072299
11074024
11074546
11074605
11076627
11078164
11081417
11083499
11083600
11083700
11084565
11088258
11090662
11094387
11094526
11103576
11104438
11104563
11106362
11109771
11110111
11110149
11113078
11113529
11114876
11116618
11116726
11117087
11118460
11121580
11124962
11129536
11129652
11130983
11132517
11135919
11137490
11137602
11141187
11141291
11141498
11143692
11145687
11147624
11156359
11163562
11167420
11167515
11167899
11167925
11168023
11168227
11171202
11171382
11174438
11174671
11175037
11175197
11175519
11175931
11182138
11182260
11182447
11188873
11189055
11191755
11192849
11192935
11193523
11193661
11195781
11195799
11196333
11197480
11200429
11205613
11206213
11206516
11207047
11207313
11209557
11209801
11212664
11213161
11213471
11213581
11216493
11217293
11217501
11228509
11231101
11231197
11235548
11235921
11236049
11237443
11240867
11241040
11242202
11242280
11242610
11242722
11243299
11245158
11245770
11246796
11246850
11247235
11247597
11249401
11249501
11252014
11256643
11256862
11257007
11257123
11257712
11257959
11259472
11261901
11262454
11262702
11263349
11263423
11264509
11264598
11265199
11265402
11265527
11265672
11266880
11268433
11268550
11269626
11270092
11270709
11270883
11273737
11279005
11279765
11281178
11284498
11286259
11286524
11286624
11286961
11290129
11293769
11294090
11295561
11297459
11298527
11298932
11304359
11307812
11308272
11308733
11310770
11311136
11311748
11312179
11313103
11313973
11314212
11314400
11315598
11318332
11320000
11320141
11322097
11323628
11324749
11337102
11338012
11338029
11341520
11341933
11342592
11345527
11345956
11347904
11348036
11350819
11350910
11351258
11355271
11357416
11362381
11365039
11368287
11371038
11374003
11378439
11381004
11381529
11381924
11382079
11382270
11384143
11385234
11386258
11388182
11399473
11400794
11403375
11403585
11407792
11411408
11420906
11422085
11423958
11425144
11428725
11428827
11429027
11429218
11429367
11429507
11432100
11432136
11435498
11436515
11438177
11438272
11441461
11441655
11443756
11453450
11453574
11454485
11454981
11456629
11460889
11464376
11464692
11465398
11466485
11467618
11467676
11469327
11470570
11473800
11474232
11475005
11475751
11476900
11477705
11480580
11481883
11482051
11484851
11484937
11485173
11495430
11497267
11497378
11497831
11498067
11502469
11506744
11507515
11518024
11527002
11529319
11539507
11540546
11542302
11542715
11543372
11545425
11545464
11546010
11547126
11549247
11549558
11552177
11554197
11554353
11556233
11556384
11558264
11558619
11559349
11562717
11566061
11566134
11566513
11569020
11570057
11570179
11570613
11572200
11574271
11574530
11576288
11576779
11577236
11577288
11578190
11578902
11581912
11582721
11583332
11583348
11583482
11583577
11585930
11586150
11586285
11586640
11586715
11586845
11587508
11588332
11589154
11589814
11590061
11590412
11591025
11592103
11592410
11592502
11592657
11593922
11594203
11594403
11595354
11595791
11596033
11596857
11597000
11597739
11598077
11598195
11599003
11599401
11599465
11599691
11599991
11600466
11600763
11603355
11603714
11603776
11604119
11604315
11604490
11604614
11605104
11606249
11606403
11606756
11608495
11610164
11610931
11611170
11611619
11612077
11612843
11613540
11613700
11613896
11614511
11615147
11615438
11615519
11615685
11616281
11616918
11616987
11617085
11617210
11620942
11621091
11621488
11625857
11626671
11627245
11628818
11628917
11630083
11632613
11632837
11634233
11637394
11638483
11640785
11643290
11645814
11650653
11651737
11655275
11655773
11657898
11658871
11659054
11659748
11659894
11660166
11663670
11665134
11665593
11665948
11667731
11668091
11669456
11669824
11669832
11670157
11670275
11671294
11671374
11672902
11673088
11673760
11676920
11678080
11678498
11678605
11678824
11679280
11679581
11679725
11680199
11680303
11681265
11682618
11683761
11684429
11685486
11686587
11688507
11689585
11690099
11691185
11691590
11691905
11692769
11692863
11693293
11693465
11693645
11694345
11698315
11698995
11699154
11699310
11699703
11699798
11700965
11701215
11703614
11704023
11704065
11707565
11708570
11708705
11709336
11710468
11710740
11712086
11714718
11715216
11715287
11715634
11717216
11717321
11717716
11719538
11720561
11722443
11723360
11725128
11728385
11728806
11728859
11730928
11733088
11734786
11742664
11742957
11743002
11743962
11743985
11744034
11744285
11744370
11744551
11747551
11747750
11750350
11751709
11752654
11752798
11752896
11753315
11755403
11755574
11756577
11757003
11757918
11758016
11760765
11760921
11761249
11764033
11764533
11765307
11765446
11766288
11768247
11770131
11771723
11772037
11772561
11773561
11773670
11775609
11775788
11775875
11776167
11777437
11777764
11778704
11779740
11780408
11782144
11786033
11786517
11786588
11787882
11788959
11790853
11791840
11793026
11794500
11794635
11796324
11800497
11801117
11802806
11802916
11802982
11803029
11803044
11804147
11806571
11806727
11807063
11807759
11809315
11809853
11810579
11810868
11812048
11813708
11813942
11814001
11817895
11817997
11819721
11820165
11824635
11824698
11825449
11825617
11827336
11827603
11830439
11830923
11831154
11832113
11836278
11836571
11839089
11840823
11842367
11842804
11845636
11848617
11848845
11850063
11851138
11855120
11855203
11859518
11859834
11862934
11866335
11866918
11867913
11868849
11869355
11870462
11871012
11871108
11871315
11874250
11874756
11878568
11880890
11881005
11881119
11882936
11887180
11887923
11888008
11888024
11888128
11888605
11890047
11891215
11891492
11893559
11894447
11894518
11896800
11897091
11897411
11897558
11901060
11901432
11906302
11906407
11906577
11906743
11907007
11907415
11910285
11910554
11912817
11915614
11915787
11918011
11919059
11920946
11921062
11923753
11925359
11927800
11927893
11928026
11928980
11929059
11930858
11930923
11932262
11932610
11933266
11934836
11935409
11935849
11939299
11943452
11943647
11944038
11944154
11944284
11946586
11946887
11948846
11948926
11949092
11950214
11950457
11950675
11950847
11953992
11954171
11955332
11955533
11956482
11957630
11958632
11958821
11970769
11975942
11979430
11979584
11983576
11983731
11983900
11987786
11990098
11993028
11995847
12001214
12003887
12004023
12004338
12006874
12009021
12009669
12013129
12013460
12014009
12014120
12017387
12018183
12018738
12023795
12025603
12026320
12029119
12031326
12034113
12035237
12035766
12035995
12036200
12037283
12037430
12037671
12040864
12045822
12045948
12046049
12048813
12058706
12060078
12062900
12062992
12063462
12063626
12069320
12070023
12074391
12074496
12074620
12074742
12075243
12077123
12079361
12080385
12080459
12082343
12084377
12084773
12086622
12090549
12091517
12092469
12093964
12094062
12100679
12101034
12101351
12101461
12101613
12105127
12105647
12105754
12105839
12105953
12106143
12106338
12106453
12106660
12112510
12113240
12114150
12114545
12114862
12116310
12118673
12118942
12118990
12119303
12119348
12119524
12119772
12120125
12122643
12123021
12123721
12124749
12125561
12127338
12127567
12127674
12128714
12129463
12139314
12141499
12144050
12144255
12144647
12146205
12153994
12154012
12154241
12154339
12154432
12155200
12156979
12157272
12158030
12164146
12164425
12164628
12170531
12171525
12180235
12186540
12186559
12190987
12191079
12191311
12191701
12191732
12195214
12201757
12204774
12211076
12212243
12214508
12214628
12218313
12220711
12220794
12228963
12229379
12230176
12234005
12235415
12247754
12247833
12251397
12256313
12256574
12257069
12258021
12258126
12260866
12263342
12266793
12266912
12267258
12267638
12267813
12268373
12270963
12275829
12278994
12281826
12282530
12284266
12284480
12284578
12284822
12288057
12288441
12289032
12291101
12294311
12298066
12300005
12302419
12302680
12303830
12304035
12304655
12306483
12306701
12306939
12306986
12308744
12308844
12309052
12309457
12309805
12311203
12312532
12313123
12313408
12315120
12318923
12319058
12323359
12323687
12324094
12324660
12327372
12327482
12328897
12328990
12335342
12336608
12337696
12341276
12343945
12349427
12350176
12352614
12352816
12352923
12356028
12356649
12362043
12362087
12362181
12362811
12362981
12364565
12373504
12376437
12376707
12377178
12381283
12382405
12390911
12398140
12400620
12405698
12419594
12419846
12423151
12423470
12423677
12431132
12434299
12434957
12435049
12437083
12439039
12444300
12446167
12446489
12447740
12449241
12453884
12454266
12454559
12455992
12456268
12456629
12459030
12461541
12461661
12464351
12464452
12465015
12468065
12469014
12471477
12475130
12477207
12477326
12478871
12479082
12479475
12479584
12480406
12481616
12481790
12482192
12485793
12486076
12486146
12486410
12486603
12487627
12487789
12488616
12489380
12489399
12490795
12492282
12494427
12495622
12495786
12496818
12496881
12496945
12496958
12497298
12497594
12498861
12499774
12500076
12500446
12508407
12508828
12512594
12513769
12522259
12523506
12529967
12530105
12531212
12531359
12536276
12537521
12537873
12539194
12539877
12541383
12541795
12542253
12542304
12542904
12543017
12543233
12543905
12544004
12545039
12545523
12545658
12546376
12546749
12548235
12548300
12549118
12552139
12553999
12555313
12555321
12555969
12560596
12560753
12561153
12561927
12563528
12563644
12563798
12563894
12563937
12565143
12565250
12565839
12565955
12566244
12566376
12568284
12570255
12570327
12570738
12572305
12572776
12573443
12573706
12573733
12573949
12574835
12579071
12579220
12580977
12586953
12587847
12588108
12591015
12591777
12591931
12592901
12593256
12595617
12595777
12596931
12598469
12598620
12599011
12601030
12603795
12604212
12605349
12605473
12605559
12607076
12607617
12607741
12609276
12610531
12610611
12611985
12612057
12613102
12613299
12613380
12613815
12616229
12616631
12616813
12617139
12618452
12618557
12618821
12618944
12619254
12619510
12620025
12622191
12622471
12624861
12628105
12628724
12628827
12628989
12629168
12629275
12631241
12632989
12635397
12635655
12635826
12638114
12638226
12638752
12638830
12638988
12639066
12641105
12643333
12644519
12644835
12645898
12648820
12649389
12658454
12659494
12660306
12660443
12660637
12666715
12669539
12671392
12675037
12675132
12675338
12676967
12677938
12678054
12678702
12680756
12681184
12683248
12683380
12683749
12686641
12687290
12690196
12690965
12693183
12693451
12693569
12693716
12696006
12699218
12707589
12711255
12711329
12712316
12712672
12713592
12714056
12714870
12717614
12719566
12719730
12720461
12721897
12723058
12723804
12723886
12724385
12724487
12724602
12727017
12728643
12728706
12728908
12729847
12730917
12731324
12732857
12733624
12733855
12733928
12737567
12738542
12739677
12739756
12739861
12740816
12742680
12743033
12743851
12745605
12745668
12745869
12748828
12748897
12749033
12749051
12749621
12749645
12750061
12750109
12751484
12751549
12751860
12753155
12753226
12753513
12753928
12754130
12754747
12755330
12755499
12757247
12757324
12757960
12758309
12759332
12759376
12763202
12764173
12764243
12764659
12764888
12764959
12764970
12765377
12766650
12772498
12772647
12773569
12774719
12774778
12775002
12775129
12775533
12778095
12778170
12778489
12781807
12783031
12784350
12785426
12787299
12790843
12791021
12793517
12793529
12795834
12797370
12805204
12805298
12806373
12806450
12807104
12811093
12812225
12812307
12812373
12812808
12813420
12814250
12814540
12814557
12814967
12815804
12816409
12816500
12819341
12819900
12820238
12822753
12823531
12823639
12823888
12824235
12826453
12830497
12831187
12831462
12841223
12844608
12844836
12845478
12845901
12851687
12851808
12865895
12867892
12868189
12894226
12911528
12913842
12913915
12914064
12914395
12917806
12920816
12921202
12921344
12926582
12927256
12928962
12931743
12931813
12931853
12939871
12943752
12950343
12952458
12954572
12956609
12960798
12963765
12971950
12972043
12972262
12980288
12982975
12985937
12986548
12987544
12989271
12994659
13023137
13023290
13024098
13032543
13032773
13040438
13040746
13049715
13050057
13051883
13057343
13057383
13057731
13057828
13058135
13058223
13058300
13058451
13060137
13060280
13060359
13060427
13060526
13060599
13060703
13060783
13062081
13063097
13063299
13063346
13063368
13063403
13063520
13063615
13063775
13065234
13065394
13065498
13065579
13066109
13066612
13068932
13069011
13069095
13069348
13069382
13070229
13071868
13074561
13074762
13075160
13075382
13076068
13077935
13078218
13078351
13079588
13080661
13081558
13081635
13083322
13083412
13083924
13084015
13084736
13084831
13087135
13087415
13087454
13087714
13090706
13090931
13092444
13092864
13093058
13095172
13095510
13095624
13095862
13095881
13097166
13097217
13098027
13099795
13100890
13103207
13103397
13104564
13104897
13104978
13105242
13105282
13105438
13114870
13119694
13124994
13125080
13125312
13125438
13125713
13125885
13129918
13131830
13132638
13132658
13132773
13135336
13135574
13140389
13147861
13149533
13149723
13150186
13150253
13150319
13151147
13152928
13153465
13154300
13154485
13154586
13154946
13155599
13155739
13156115
13156211
13156426
13156587
13158748
13160429
13160526
13160752
13166158
13167119
13167338
13168755
13171140
13171352
13173000
13173759
13173877
13174284
13177847
13178212
13178347
13178560
13178723
13180951
13181301
13182709
13183368
13184707
13186084
13186333
13188876
13189791
13194706
13195280
13195562
13197298
13197396
13197533
13197796
13198161
13198834
13200275
13202647
13203033
13203434
13204579
13207205
13208643
13209341
13209491
13211979
13212082
13213216
13214404
13214504
13214594
13218277
13218446
13219569
13219890
13220344
13220502
13222264
13222694
13222875
13223447
13225847
13225929
13226197
13226284
13226865
13226893
13226982
13227114
13227549
13227732
13230580
13230684
13230894
13231039
13238382
13238495
13240214
13240275
13240341
13240427
13240475
13240823
13240904
13241068
13241859
13245680
13246200
13248735
13248998
13249081
13250162
13250343
13251466
13251492
13251606
13251711
13252123
13252960
13254392
13254908
13255304
13255457
13255829
13259074
13264105
13264794
13266127
13266617
13268631
13270312
13270583
13270973
13272350
13272499
13272806
13273194
13278011
13278661
13279784
13279919
13280185
13281113
13281159
13281217
13281246
13281445
13282747
13284154
13285380
13285558
13288356
13288993
13289199
13290977
13291204
13291452
13293371
13300262
13301942
13305736
13306005
13309213
13309343
13309816
13309943
13310936
13311047
13312288
13312381
13313826
13313953
13314418
13315644
13315725
13326043
13326221
13329632
13329823
13333912
13339830
13341763
13342365
13343259
13343361
13347546
13349681
13355290
13356691
13360913
13361487
13361591
13362499
13362641
13367292
13367642
13369834
13370057
13370175
13375303
13375394
13378869
13378992
13379036
13379136
13381178
13381238
13381633
13381763
13386154
13386402
13386816
13392594
13394167
13397954
13399244
13401531
13408144
13410962
13414634
13418099
13418604
13419118
13419454
13425215
13425813
13425977
13428123
13428263
13428728
13434607
13435209
13436125
13441477
13441617
13444279
13444565
13445163
13445937
13446745
13448797
13452963
13459473
13460619
13463522
13463821
13464244
13464345
13469110
13472730
13477544
13482389
13484495
13492939
13493998
13494166
13495078
13495856
13498420
13498454
13502056
13507273
13512274
13514012
13516604
13518964
13520888
13521083
13521274
13526520
13526851
13528165
13531596
13532285
13532381
13533794
13533837
13533954
13535264
13536574
13537141
13538570
13538727
13539469
13539542
13539620
13539826
13540726
13542153
13542713
13542777
13545733
13551233
13551910
13554370
13556720
13563504
13564512
13566269
13567722
13567829
13567972
13568006
13571036
13571064
13571146
13573227
13576295
13578448
13578572
13582782
13583865
13584893
13585051
13585360
13586122
13586653
13592192
13592631
13593016
13593178
13593388
13593548
13593751
13597672
13604465
13604839
13606088
13607119
13607779
13611220
13612691
13612797
13613858
13616117
13616208
13621938
13622445
13624620
13626651
13627665
13627892
13628296
13629691
13631511
13631649
13634312
13636112
13636703
13636719
13638220
13638882
13641469
13643495
13651217
13653288
13656350
13656837
13663296
13663592
13672621
13673296
13676921
13677004
13677333
13677675
13681374
13687487
13687589
13689031
13689243
13689849
13693539
13693622
13693701
13697224
13703348
13707172
13709347
13712008
13712357
13714864
13714963
13717842
13717963
13719410
13719871
13719936
13720117
13721763
13722059
13722201
13724245
13725288
13732104
13737642
13737737
13738101
13738587
13741274
13742546
13743608
13744424
13745536
13747069
13747261
13748632
13748705
13749436
13749891
13751558
13751841
13752016
13752104
13752215
13753686
13754870
13755137
13755782
13755911
13756231
13758922
13759002
13759517
13760169
13760397
13763756
13764301
13765178
13765295
13766849
13766882
13771137
13771221
13771390
13772981
13775659
13777795
13778052
13778676
13781247
13783869
13784880
13785392
13786124
13787207
13790204
13790439
13791089
13791281
13791370
13791617
13791963
13792043
13792091
13792760
13795869
13796028
13796683
13796822
13797129
13799071
13799458
13799650
13799953
13800055
13801501
13803107
13803747
13803801
13803880
13804595
13804696
13805683
13806032
13806547
13808713
13808791
13810853
13815348
13817365
13817556
13818817
13819170
13819390
13819756
13819991
13820111
13820273
13820339
13820364
13821525
13821721
13822029
13822680
13823127
13827808
13829069
13829200
13829378
13829551
13831027
13835640
13839082
13840449
13840533
13840628
13846079
13847915
13847934
13848056
13849758
13849841
13850231
13850573
13854789
13854946
13856898
13859108
13860160
13861927
13865947
13867153
13867227
13867646
13868177
13870244
13873165
13873274
13875091
13876403
13876534
13876549
13878008
13889380
13889728
13889917
13890144
13890244
13891327
13891412
13895507
13898295
13898539
13900578
13900597
13900921
13901452
13901542
13901678
13903662
13903802
13905458
13906569
13908713
13909679
13909800
13909889
13912749
13917207
13918113
13920351
13923944
13926168
13931054
13931224
13931985
13933443
13937239
13938483
13938607
13939504
13944784
13946420
13953367
13953772
13953803
13953983
13964161
13964407
13967926
13977590
13977622
13977682
13978771
13979318
13979705
13984035
13985724
13990820
13991025
13992030
13992709
13993134
13994638
13994723
13995960
13996645
13996713
13998085
13998245
13998476
14000451
14000545
14000562
14000771
14000867
14003235
14005629
14007260
14010212
14012217
14014047
14014148
14014620
14016495
14016909
14018491
14019912
14020324
14022869
14023023
14023123
14026649
14028189
14028438
14034609
14037497
14039636
14041277
14041811
14041901
14042071
14043170
14044521
14044651
14044819
14049483
14049629
14052131
14055706
14062833
14070527
14070881
14071050
14076628
14082044
14082435
14085184
14086129
14106423
14111841
14114145
14120151
14120787
14122936
14123324
14127761
14127956
14129607
14129832
14129901
14130089
14130226
14130495
14139593
14158179
14159670
14161370
14161555
14162860
14167194
14169360
14169397
14176171
14177873
14178688
14178732
14178860
14178987
14179038
14180020
14181228
14184400
14185731
14187273
14193974
14195265
14195452
14195704
14196028
14196150
14196216
14197977
14200319
14201375
14201766
14201874
14202936
14203023
14203334
14204927
14212503
14213156
14213227
14217546
14217654
14219307
14220566
14221988
14222111
14222863
14224443
14228456
14229309
14229786
14230764
14230832
14232150
14232310
14238254
14238622
14247349
14249891
14249980
14251607
14261430
14279347
14284472
14286296
14290104
14298415
14307720
14307860
14308934
14308978
14309188
14309349
14309453
14321628
14322326
14322901
14323010
14323679
14326917
14329227
14329267
14329866
14330587
14330669
14331491
14331552
14333948
14335578
14338140
14338267
14338847
14342562
14342939
14343285
14344116
14344528
14349851
14352362
14352451
14352571
14354280
14357259
14357395
14360405
14360493
14362081
14363017
14370535
14371965
14372117
14373169
14378182
14378904
14380769
14381294
14394924
14395024
14395167
14395198
14395625
14396369
14398191
14398460
14403710
14404085
14404394
14404476
14406342
14406688
14406865
14410595
14410950
14412289
14412393
14414333
14417651
14418055
14425565
14425632
14425715
14432857
14433476
14435493
14435750
14438137
14438282
14438752
14442919
14443015
14446791
14447833
14449537
14449573
14450400
14451736
14452425
14452521
14453912
14455079
14455469
14455528
14455793
14457450
14460646
14460894
14461049
14461507
14461777
14463937
14464175
14464577
14466660
14469744
14470635
14472867
14472996
14474131
14476557
14477775
14479725
14480735
14483324
14484714
14486169
14487400
14487499
14493968
14494817
14495043
14496225
14496330
14501055
14507327
14509785
14510811
14510888
14512307
14516326
14516432
14518014
14518116
14518435
14518571
14520434
14523566
14524356
14524445
14528584
14531555
14531745
14534837
14535247
14535756
14536223
14536311
14536474
14537814
14538911
14545891
14546103
14548197
14548285
14548348
14549284
14551974
14552201
14553894
14555752
14556910
14556983
14557084
14557364
14561907
14561991
14565957
14566142
14567878
14571083
14571355
14571741
14571808
14579443
14579595
14584513
14586584
14586601
14587187
14587437
14587870
14589943
14597066
14597299
14598339
14598589
14599135
14601441
14601513
14601899
14603455
14603521
14606302
14606974
14611551
14612143
14612314
14613448
14621334
14621426
14622407
14626370
14626475
14628450
14635104
14635188
14635347
14636029
14636114
14638401
14639402
14640376
14640750
14640846
14644442
14645350
14648417
14649609
14649706
14650904
14655675
14655686
14658282
14658836
14658912
14659107
14659319
14660113
14660628
14660721
14660792
14661059
14661468
14663839
14664294
14664438
14665424
14666441
14673625
14674714
14674808
14675799
14682263
14686059
14686302
14686499
14687991
14689206
14689370
14690444
14695035
14695483
14697513
14697911
14698017
14698172
14698352
14698525
14700230
14700337
14700391
14700616
14700805
14707491
14707560
14708774
14708909
14709043
14711544
14711611
14711646
14712191
14712367
14712474
14712840
14712922
14714600
14714674
14714776
14717254
14717336
14717798
14717909
14718449
14718506
14718667
14718813
14719930
14720047
14720712
14720817
14720959
14721183
14721923
14721998
14722608
14722716
14723388
14724960
14725031
14725972
14726001
14726119
14726210
14730556
14730687
14733552
14733760
14735718
14736703
14738568
14738654
14738919
14741871
14741959
14742941
14743070
14745709
14745805
14745895
14745982
14746606
14746692
14747265
14747480
14748803
14748900
14752983
14753037
14753227
14754284
14755075
14755179
14755318
14756287
14756572
14757858
14758473
14758640
14760551
14761157
14763486
14763743
14764080
14768891
14768998
14771747
14774712
14778249
14779050
14780114
14780123
14780390
14782813
14784444
14784545
14786159
14788444
14789968
14790253
14790365
14791831
14794504
14794906
14795779
14795848
14802668
14803668
14806060
14806284
14807628
14807694
14807927
14808196
14808240
14808304
14808687
14811840
14813528
14814416
14815653
14815732
14820523
14825493
14826308
14826824
14826946
14830214
14834382
14834750
14834828
14839131
14839653
14841094
14841112
14842689
14843088
14843210
14844008
14845831
14846896
14846988
14854730
14855290
14856318
14857305
14858832
14858885
14861748
14862524
14863361
14863914
14864164
14864590
14866396
14871684
14872229
14872311
14873868
14874574
14877156
14877182
14878102
14878227
14882483
14883296
14885939
14890695
14890788
14893443
14897506
14899637
14899963
14900152
14900406
14901550
14902066
14904383
14904490
14904573
14904652
14909335
14909911
14910965
14911996
14912200
14913704
14913801
14914010
14914298
14916148
14922742
14923040
14925008
14925678
14926024
14927640
14928229
14930916
14935246
14935953
14937179
14937617
14937987
14940386
14940456
14943047
14944358
14944469
14947213
14949477
14951103
14951215
14955442
14962575
14962612
14964053
14970629
14970894
14971620
14974930
14975987
14976105
14977833
14977917
14979165
14979941
14981123
14983515
14983806
14983886
14986102
14986214
14990545
14990951
14993856
14995566
14995644
14996346
14997094
14997200
14997670
14999643
14999780
15000100
15000287
15001196
15004145
15007994
15013166
15020895
15021649
15022001
15023659
15023715
15024906
15025837
15029297
15030650
15031377
15032031
15033553
15034893
15036409
15038810
15041823
15041924
15046480
15051959
15052302
15053318
15053396
15053716
15054204
15058843
15058895
15061522
15061640
15067460
15067570
15067646
15070371
15071173
15072946
15084372
15086417
15086657
15086808
15088900
15090893
15091988
15092086
15092755
15092920
15093073
15093312
15095967
15097350
15098436
15099291
15100942
15101005
15104659
15105507
15111812
15111829
15112236
15112403
15114181
15114797
15116344
15116651
15116747
15121179
15121306
15122915
15123425
15123499
15123841
15124511
15125359
15126324
15128283
15128356
15128929
15131248
15131376
15136500
15138903
15141947
15144012
15144225
15144747
15146276
15147239
15147433
15147884
15147917
15148592
15152415
15152472
15153701
15155587
15155633
15155665
15155773
15157602
15159518
15160185
15160394
15161649
15162251
15164594
15165780
15165905
15166395
15172157
15174515
15176765
15176987
15177346
15177545
15177706
15179898
15180021
15181636
15183909
15184730
15184850
15189206
15189429
15189612
15189708
15189972
15190057
15190182
15190676
15190944
15192116
15192499
15193528
15193888
15194122
15194264
15194408
15195233
15195315
15195660
15195980
15196277
15196394
15197048
15197325
15197536
15197669
15198795
15199367
15199449
15200779
15200851
15200974
15201328
15201584
15202045
15202215
15202307
15202433
15202896
15203197
15203643
15204381
15205568
15207989
15208105
15210209
15210469
15211936
15211951
15212324
15212419
15212553
15213311
15214111
15214183
15214464
15214762
15217452
15217667
15217869
15218383
15218721
15221247
15222172
15222491
15223054
15223625
15223740
15224092
15224656
15226023
15226132
15226330
15227280
15228001
15228481
15228977
15229063
15229416
15232283
15236073
15237068
15241805
15246490
15248292
15248687
15252118
15252368
15258647
15258716
15258825
15259037
15259430
15261119
15264816
15265599
15271522
15275779
15277616
15278778
15279000
15280603
15290611
15291809
15293174
15294883
15295107
15298428
15299485
15301074
15301180
15301359
15317758
15318279
15327963
15333514
15334252
15339016
15343693
15346194
15346794
15346966
15348101
15351732
15353763
15358073
15364109
15372549
15372835
15378887
15382545
15385291
15397459
15397621
15397783
15410907
15411025
15413491
15418888
15422125
15425385
15425468
15425567
15425839
15426338
15429189
15429643
15429678
15429891
15430564
15432183
15441514
15446055
15450333
15450630
15453442
15453676
15454210
15457075
15457186
15460054
15461987
15465836
15472435
15472813
15474418
15478652
15478739
15480191
15480197
15480238
15482259
15483665
15484319
15485318
15485413
15486869
15487361
15487649
15487919
15490928
15495333
15497789
15497995
15498091
15498186
15500410
15500951
15502169
15503028
15506990
15508631
15509596
15509698
15509841
15510030
15510189
15510308
15516507
15517305
15530722
15531122
15532080
15532368
15532489
15532950
15533057
15533258
15533464
15534777
15535676
15538116
15538215
15547519
15547888
15550391
15550513
15552237
15552766
15554072
15554181
15554697
15555927
15556152
15557772
15558094
15558969
15559860
15559937
15560798
15560879
15561905
15562889
15562957
15563431
15566377
15566632
15567045
15567343
15568285
15569386
15571663
15571739
15572288
15572601
15573622
15574414
15574756
15576048
15576303
15578335
15578541
15579191
15580942
15581780
15583334
15583422
15584107
15584218
15584611
15584919
15585916
15588645
15588731
15589206
15589420
15590552
15591068
15591486
15591824
15592207
15592348
15593379
15593489
15593931
15594518
15594981
15595970
15596254
15596690
15597626
15597725
15598147
15598739
15600370
15600679
15600861
15601042
15601413
15603902
15604580
15606175
15606404
15607833
15610463
15611556
15612811
15615015
15616550
15617975
15619474
15620200
15622202
15624225
15624707
15625010
15625202
15628344
15628455
15628504
15629393
15629499
15630903
15631229
15632988
15633505
15635458
15635645
15635810
15637847
15638124
15641066
15642602
15642678
15642867
15642992
15645604
15646478
15646765
15647175
15647312
15648456
15649524
15649742
15650135
15650800
15650884
15651129
15651598
15652245
15652262
15652697
15653401
15655210
15655408
15655482
15657374
15657807
15657994
15658682
15659541
15660640
15661399
15664519
15669665
15670008
15671760
15672069
15672507
15672913
15673355
15674320
15675430
15677166
15677617
15677776
15678159
15678364
15678832
15680688
15681391
15681727
15682019
15682189
15683152
15683343
15683460
15685453
15685617
15685935
15686429
15687004
15687564
15687619
15688066
15691329
15691444
15692989
15693500
15694351
15695428
15695789
15696033
15696232
15696528
15697223
15697409
15698084
15698375
15699488
15700958
15701067
15704327
15704547
15705054
15707012
15707166
15708024
15708366
15709877
15710163
15710339
15711744
15712008
15712119
15713365
15714107
15714533
15715414
15716735
15719047
15719151
15722088
15726652
15726777
15728177
15732634
15735422
15735460
15735867
15737185
15737391
15738919
15739496
15740452
15740466
15742638
15742806
15744705
15747110
15748183
15750726
15752701
15752939
15752988
15754159
15754259
15754323
15755111
15755234
15756814
15760090
15760379
15762373
15762441
15762578
15763225
15763621
15768323
15769293
15770044
15770136
15770559
15772258
15772337
15772426
15772814
15772963
15773622
15774696
15775306
15775510
15776452
15777082
15777104
15777408
15778297
15778410
15778749
15779408
15780944
15781182
15782056
15782333
15783862
15783991
15786339
15786747
15787350
15787398
15789871
15789950
15790185
15790581
15791195
15791316
15791729
15793156
15793342
15793381
15793410
15793842
15794290
15797331
15797966
15800648
15800681
15806537
15806879
15806965
15807277
15810766
15810853
15811109
15811300
15811389
15812866
15813102
15813193
15813724
15815289
15816472
15818346
15819683
15819712
15819979
15820764
15820821
15822234
15822319
15822779
15822888
15822965
15823637
15823727
15824097
15825086
15825145
15825327
15826355
15826702
15827151
15828481
15828750
15828892
15830885
15831672
15831990
15833589
15833972
15834110
15835355
15837914
15839691
15842508
15842698
15845870
15845989
15847542
15847627
15853182
15853605
15854116
15854259
15857075
15858093
15859702
15859901
15861633
15863678
15867165
15875247
15881148
15885138
15885265
15886848
15891499
15897437
15898511
15900481
15906585
15908206
15908300
15909448
15910656
15915789
15922268
15924107
15933432
15933897
15934729
15951549
15953250
15957926
15959503
15959577
15959679
15960073
15960234
15962919
15972381
15972498
15975033
15976113
15981161
15987098
15987437
15990722
15992037
15996937
16013750
16022626
16026282
16026490
16029605
16037817
16044657
16059599
16063610
16065584
16065702
16065854
16072193
16074053
16077923
16078033
16083040
16085303
16086783
16093049
16097601
16102539
16103322
16117453
16117603
16120372
16120932
16123677
16124720
16126733
16126872
16127396
16127560
16127759
16128081
16128813
16129271
16131814
16136708
16137739
16137832
16137921
16137966
16138169
16138710
16138992
16139982
16140351
16140455
16140804
16140828
16141103
16141222
16141504
16143281
16148086
16154612
16160549
16160636
16166412
16168123
16170839
16171204
16171929
16171979
16172115
16172470
16176206
16176576
16176652
16178304
16178667
16181876
16185276
16185756
16185855
16189493
16189722
16198115
16198276
16198448
16208507
16211393
16211607
16215934
16219157
16233503
16233965
16235603
16237508
16237630
16238452
16239974
16240118
16241351
16241656
16242076
16245555
16245891
16245988
16246115
16248905
16250156
16256417
16259470
16259555
16261961
16262199
16262220
16265108
16269474
16272799
16280820
16282035
16282157
16282325
16284034
16286062
16292481
16294063
16294601
16294798
16294874
16295144
16301734
16303191
16303265
16303750
16306858
16306933
16308211
16308486
16309225
16309728
16314883
16315099
16315309
16315412
16319791
16320022
16321461
16327740
16334713
16334800
16338425
16339771
16339857
16342168
16344088
16349375
16350239
16350425
16351882
16352069
16352280
16353115
16353208
16353282
16355683
16357777
16359178
16359286
16363232
16363947
16364423
16364979
16368881
16373006
16373085
16373331
16374262
16374356
16374577
16374950
16375362
16378932
16386543
16389269
16389312
16389419
16389503
16390887
16392856
16393430
16393733
16393848
16394165
16396338
16396642
16396790
16397060
16397201
16397618
16397726
16398618
16399076
16399358
16401648
16401915
16402653
16404630
16404691
16405752
16410342
16410376
16410567
16410793
16410993
16411050
16412410
16412732
16413235
16414546
16414636
16414732
16417079
16420240
16420969
16421539
16421754
16422948
16423156
16426586
16429051
16429131
16429293
16429368
16430156
16431199
16431655
16431954
16432225
16434210
16440418
16442606
16448407
16451379
16451475
16454364
16457468
16457746
16458068
16459133
16459257
16459426
16459593
16466496
16466839
16467001
16468203
16468384
16475290
16475469
16476814
16477563
16477694
16477868
16481494
16483331
16486690
16488703
16494821
16503337
16503752
16515948
16535360
16535459
16535640
16536135
16536453
16540531
16540644
16540763
16542424
16546519
16556895
16557289
16560495
16562890
16563329
16564033
16564136
16564319
16564771
16565098
16566073
16566842
16567420
16568300
16569024
16569116
16569213
16571185
16576069
16584006
16586108
16586412
16588190
16593545
16594128
16596645
16599387
16601231
16606233
16606416
16607799
16608035
16608500
16608751
16608851
16608966
16610541
16610602
16611291
16612754
16621229
16621236
16621244
16621438
16622069
16623735
16623787
16623809
16626008
16626996
16627120
16628986
16629240
16629502
16629591
16633637
16633766
16633825
16633959
16633967
16638298
16638506
16638959
16643466
16644250
16645864
16646657
16649790
16649907
16650687
16650864
16652337
16652942
16652954
16654174
16656452
16656505
16656688
16656777
16657353
16658136
16658275
16658903
16659696
16662274
16662667
16666926
16667539
16667692
16668067
16668771
16670592
16670823
16672152
16672613
16673093
16673957
16674041
16677240
16677518
16678698
16681710
16682640
16684955
16685069
16685204
16685807
16686410
16688685
16688977
16689509
16690166
16692593
16696875
16696970
16698177
16700104
16705187
16707079
16708360
16708463
16708647
16709768
16710782
16711990
16712305
16712457
16712663
16712768
16713015
16717763
16717854
16721943
16722158
16723271
16723600
16725390
16725467
16725495
16730618
16732895
16733008
16733982
16737549
16737753
16739371
16739574
16743788
16745126
16750367
16753305
16756931
16757545
16758885
16759401
16760568
16763758
16765343
16766151
16769984
16770124
16771020
16771928
16772030
16772313
16773115
16773219
16773541
16774472
16774673
16778035
16779914
16780630
16782950
16783112
16783327
16787346
16788095
16788177
16788524
16793301
16793367
16793895
16794714
16795592
16795713
16796048
16798232
16798336
16805518
16805651
16809887
16814677
16814783
16816345
16817617
16823287
16823717
16823940
16824333
16824835
16827026
16830586
16831285
16831388
16833422
16853903
16855151
16855632
16857688
16857773
16857880
16858000
16860391
16867446
16868005
16869210
16869340
16869521
16869723
16875215
16876833
16877108
16880635
16883574
16884154
16886373
16886517
16886523
16886692
16889938
16889999
16894636
16894852
16899608
16899700
16901487
16905854
16906870
16907032
16907127
16914181
16915235
16917755
16917883
16918318
16921044
16922515
16922660
16923248
16923526
16925991
16926083
16930979
16932406
16932574
16933639
16935715
16940936
16942493
16942706
16942830
16943633
16947603
16949261
16953989
16958802
16960155
16966662
16969640
16969852
16971859
16979606
16981521
16983728
16983880
16985316
16985409
16985673
16989007
16989211
16993985
16995555
16995904
16996001
17001229
17001418
17001728
17002106
17003965
17006886
17006970
17007041
17009385
17015863
17021896
17023339
17023726
17025606
17026102
17026344
17026493
17026656
17026847
17028380
17030866
17037706
17039364
17043641
17045541
17046537
17047710
17047855
17049998
17050473
17051867
17058588
17058685
17062677
17062849
17066437
17067816
17067958
17068419
17068662
17069193
17069323
17071881
17072002
17072351
17072453
17072674
17073160
17076625
17079400
17079699
17082211
17082956
17083142
17084795
17087144
17088325
17088675
17088814
17089188
17091319
17091557
17091927
17092258
17094990
17096122
17099002
17099165
17105420
17105492
17109418
17111819
17111933
17112908
17113884
17113949
17114021
17115956
17116139
17117509
17121021
17122564
17123428
17125040
17125165
17125580
17126891
17128840
17129179
17129546
17133141
17135263
17138076
17139263
17140494
17145383
17145662
17147010
17148051
17148193
17148615
17150491
17151476
17155430
17155757
17156532
17156602
17161512
17161817
17162382
17165255
17165956
17170536
17171329
17172562
17173625
17173786
17174589
17178700
17179155
17179648
17181188
17181278
17182854
17185481
17187336
17189064
17190452
17190859
17191349
17191520
17191771
17191772
17191788
17192047
17193387
17193671
17195681
17195722
17195831
17196414
17196667
17196702
17197144
17197272
17197659
17197704
17198844
17199166
17199580
17200243
17200408
17200415
17201631
17201759
17204046
17205211
17205796
17208770
17208890
17214291
17215240
17217220
17217600
17220019
17222456
17222904
17228313
17228582
17230127
17230203
17231542
17233729
17236907
17240732
17247522
17247877
17252369
17253411
17254655
17255292
17260608
17263779
17264431
17267590
17268585
17269176
17269803
17270214
17276650
17279728
17280952
17281322
17281414
17285481
17286745
17288103
17293617
17293726
17294052
17300511
17300548
17301199
17301614
17308100
17308121
17308679
17308836
17309084
17310466
17311542
17312141
17313911
17315878
17318625
17321036
17321114
17321293
17321634
17321782
17322949
17325076
17325805
17327436
17331374
17332564
17335502
17336019
17339737
17339840
17339973
17342608
17345164
17345893
17346299
17349551
17350303
17356287
17362210
17363107
17365338
17366684
17369334
17373716
17375475
17375804
17375880
17376177
17376595
17377974
17385182
17385549
17387053
17388965
17389480
17390693
17399066
17403274
17405024
17409742
17412140
17414813
17423993
17428474
17428498
17428645
17428721
17429760
17429861
17429999
17430090
17430178
17431079
17431209
17431261
17434140
17434574
17435467
17436015
17436177
17436353
17436855
17439001
17439101
17439458
17439550
17440269
17440901
17440974
17441062
17441803
17442094
17443217
17447520
17452000
17452120
17456420
17458370
17460524
17460611
17460818
17465124
17467921
17474514
17476397
17477742
17479911
17480173
17480391
17481696
17481935
17483469
17483707
17483762
17483817
17483870
17484286
17485359
17486866
17487587
17489931
17490350
17490370
17490466
17490673
17498631
17498811
17501388
17501904
17502034
17502312
17502335
17504969
17505586
17506146
17507456
17507756
17508401
17510334
17510496
17510529
17511024
17511176
17511373
17511620
17511793
17512096
17519432
17521493
17526615
17528857
17530706
17532260
17532569
17534218
17539875
17540422
17540561
17541206
17541348
17541419
17542365
17542714
17542819
17542856
17543134
17543454
17550085
17550539
17550655
17550795
17551591
17553431
17553527
17560239
17560337
17560385
17562073
17562544
17562904
17563250
17566155
17567813
17569588
17572170
17572248
17572361
17575812
17575818
17575946
17581900
17583281
17583690
17585647
17586298
17586325
17591200
17591256
17592072
17594009
17594850
17597276
17597611
17597669
17598014
17600392
17602604
17602647
17607268
17607584
17609990
17610209
17614359
17614435
17614644
17614846
17627596
17628036
17631672
17632542
17634337
17634625
17635511
17635559
17636850
17643313
17647362
17647565
17650581
17650790
17652732
17652977
17654987
17661374
17661853
17662081
17664153
17664521
17668877
17668993
17669115
17670579
17670685
17671730
17681816
17683979
17684313
17684513
17687118
17687217
17687381
17687860
17688202
17694374
17698355
17698465
17701525
17702665
17705590
17709356
17714231
17714427
17714649
17714827
17714905
17715064
17716895
17717527
17717591
17717653
17717661
17717766
17717854
17720974
17721051
17721734
17723965
17730876
17730978
17731003
17732248
17733750
17735000
17737259
17737989
17738100
17739529
17739612
17742989
17743310
17746189
17747841
17750867
17751061
17753110
17755257
17755953
17756237
17756974
17765475
17771087
17772043
17772143
17774978
17779440
17782286
17784751
17785704
17788321
17798804
17799711
17804903
17806392
17809651
17809982
17810249
17811086
17811207
17817836
17819883
17820082
17820165
17820312
17820860
17820969
17824532
17824682
17829645
17831227
17832464
17834933
17835006
17835643
17842152
17842164
17846974
17850409
17850471
17850557
17853069
17856014
17857995
17858870
17860241
17864495
17868768
17869513
17873096
17873238
17876133
17876240
17880428
17880884
17881084
17882916
17885864
17889011
17893064
17896208
17896399
17897044
17900960
17902781
17903064
17904623
17904924
17905053
17907281
17907993
17908124
17908254
17908549
17909493
17909551
17909715
17912038
17912782
17913158
17916429
17916970
17917423
17917633
17918168
17919241
17919565
17919939
17920182
17920964
17921256
17922601
17922817
17922936
17923219
17924329
17924525
17924575
17928051
17928139
17928514
17928523
17931820
17932486
17933422
17934362
17935594
17942623
17942978
17943082
17947608
17947958
17948534
17949243
17949835
17951974
17952920
17953413
17953644
17953654
17955889
17962099
17979274
17987009
17988059
17990085
18002349
18004633
18005015
18006797
18006926
18007773
18008776
18008805
18009688
18012613
18015336
18018866
18022934
18028344
18028734
18029577
18031616
18032258
18038979
18040432
18043188
18048332
18052687
