1
6344
16308
17080
22257
22563
22702
29295
29676
30318
30668
34091
34410
34516
37840
44577
44722
44864
45027
49335
49449
50505
51398
51498
51635
52138
53603
56319
56423
60662
69625
69918
70085
76238
77307
77582
77729
87332
87452
88800
91244
93593
100613
100733
105229
105784
106850
120871
120981
121100
124658
124834
125905
126380
126608
128915
129096
129120
129152
129236
129249
129375
131831
132399
134639
140935
143387
143524
143659
143866
145817
149509
149650
150271
152379
153072
156868
158004
160093
162960
166424
167035
167408
167618
167780
168092
174391
174634
177379
179822
182541
182745
182880
183318
189181
190026
193458
193651
194729
197586
201692
203288
203441
204365
206292
208842
208917
209865
211897
218510
221070
221161
221553
221884
221999
223437
223847
225235
225514
227753
233946
236742
236915
237863
241239
243996
244272
247273
247666
249661
250052
250150
250510
254954
255941
256113
256327
257722
258348
258500
259135
260210
260551
260631
261201
261253
261528
261721
263905
266765
266846
267244
267514
271844
272544
272632
272680
275007
275580
275684
276090
276195
277099
280225
280418
285837
285934
296554
297307
297519
300677
306524
322271
322522
325308
325392
326513
328618
334835
335699
336422
336696
340119
350051
350162
350361
350878
350977
352130
362864
362939
368534
384033
384887
388811
392816
397070
397199
398226
400535
400635
406185
406226
406534
409398
409583
409731
409878
412960
415354
416139
416266
416717
418418
418600
419219
424174
424613
425121
426657
426953
430345
431807
431940
436935
437259
437571
439185
439560
440196
440940
441985
442142
442896
443525
443799
444192
446327
448954
452286
452365
454461
455615
459342
462472
466081
466410
467283
467745
477096
477259
477401
480923
481006
481211
481301
482708
482714
482819
482842
482851
485237
485611
485620
485696
485739
486086
486850
486887
486928
486956
490768
491793
492921
493386
497919
498730
500019
500105
501072
506369
513518
513624
515354
515473
516676
517164
517388
524678
525065
525174
529616
529703
534650
541972
546063
546259
548137
550208
555744
561102
561138
561223
565434
565586
569781
569896
571403
571425
571439
571440
571530
571540
575858
577923
581289
581926
582343
583353
588405
588527
588623
592651
592829
593574
597289
599648
602819
605104
607610
608043
612512
612613
612821
613707
615760
616038
617222
624548
624622
624846
625435
627247
628261
630863
633324
635418
638234
638390
645716
668294
668420
668703
669237
669336
669606
676217
678655
678942
679121
679372
681307
681792
683123
683359
684653
686829
686923
689834
690576
692560
699980
701944
702776
707672
707768
709156
714983
716871
716900
721092
721270
721933
722050
722192
723806
724028
726121
732715
734340
735831
735864
743274
743845
745800
746000
748498
748780
751798
754963
755248
755673
756071
758447
760354
760426
767305
768802
769199
771508
771936
772040
772587
772757
776941
776963
777248
777508
778610
780089
780119
780398
780405
780421
782060
787933
788051
790014
792258
806217
807212
811106
814097
814240
825737
830789
833720
836080
836130
840353
840399
841690
841793
841935
845590
845849
848066
848267
848759
851638
852546
853009
853366
853512
853693
856844
862657
865603
865899
871031
871187
871353
875761
875844
879004
884150
895087
895346
897424
897537
897689
898083
899409
899500
901561
901668
901768
903143
903198
903340
909190
916067
920540
921908
926583
927228
933857
935754
935847
937346
939384
941657
942030
942139
948763
948798
949349
949446
958679
962775
963188
963469
963560
963842
968365
968596
969183
969332
970142
971067
972781
974895
975019
976735
976837
976972
976980
982413
985520
990001
990021
990399
992085
994165
994272
998334
998557
1004184
1004735
1008788
1016404
1016580
1020396
1021092
1021225
1022683
1023467
1024406
1024597
1025037
1025206
1025308
1026570
1031367
1031539
1037139
1042715
1042837
1042869
1043492
1044820
1044908
1045243
1047561
1048031
1048077
1053417
1054237
1054673
1056586
1058138
1059624
1059873
1067100
1067772
1067897
1068379
1068504
1069869
1069953
1070313
1070490
1070780
1080399
1082298
1084971
1087679
1087792
1088260
1088698
1088790
1088922
1091439
1091609
1110181
1117771
1122892
1125831
1138073
1142278
1146471
1148464
1155767
1162771
1162793
1164775
1165211
1167088
1167815
1168054
1168989
1170509
1170593
1173637
1173642
1173764
1173815
1173830
1174090
1175500
1175556
1175884
1175989
1176598
1181595
1182676
1184240
1184366
1186072
1187746
1188324
1192936
1193202
1197685
1205514
1208465
1208909
1210441
1212152
1213017
1214523
1219003
1219105
1222679
1226735
1231292
1239029
1239076
1240124
1240333
1241025
1245959
1246612
1254681
1259678
1259811
1263923
1264026
1264159
1264319
1266346
1266703
1270468
1273761
1275152
1281942
1287603
1289573
1290179
1290494
1291054
1291138
1294136
1294225
1298644
1301320
1301461
1309954
1315265
1315579
1325595
1326450
1326698
1329171
1329273
1330496
1332756
1338263
1338376
1340051
1341657
1341767
1342379
1342743
1343079
1347723
1364045
1374250
1374335
1374672
1375631
1381976
1382075
1382200
1382471
1383442
1387051
1387135
1387274
1387703
1390331
1390533
1391043
1391471
1391639
1393063
1393961
1394604
1394685
1395534
1395608
1400291
1400951
1401030
1401781
1402345
1408657
1409121
1409198
1413034
1413263
1413486
1420673
1421068
1422105
1422724
1431393
1434303
1434310
1436109
1437671
1442122
1442780
1446176
1449242
1455150
1455633
1464533
1465002
1465192
1469030
1474393
1474877
1488243
1488356
1494856
1495127
1495213
1495279
1495528
1498442
1501809
1515788
1516079
1516348
1520312
1522536
1522634
1522858
1526300
1526440
1528696
1528827
1529031
1533641
1535687
1536650
1539378
1545907
1550890
1553012
1553887
1554035
1554225
1554894
1554935
1555059
1558434
1561872
1562045
1567400
1568507
1570402
1570512
1570642
1572807
1586554
1587543
1589010
1589868
1590473
1592475
1598544
1598960
1598994
1599109
1601888
1601969
1602528
1603361
1603460
1603788
1606908
1607672
1607738
1609371
1611839
1611971
1613095
1615102
1615625
1616196
1616369
1620653
1622573
1628799
1630224
1631804
1632270
1632377
1634437
1639174
1640777
1644761
1645465
1652887
1656784
1658319
1658716
1658988
1662284
1662822
1663381
1663501
1663659
1667827
1667933
1668138
1673664
1679663
1679810
1679980
1681817
1681957
1682127
1684065
1686541
1686728
1689581
1696386
1696541
1696660
1696706
1696816
1696836
1702540
1702698
1705480
1710299
1710681
1723413
1727997
1728357
1730571
1731971
1735037
1735132
1735530
1740840
1741192
1766670
1767162
1767266
1769080
1769922
1776483
1780389
1782394
1782416
1782424
1782649
1782691
1784329
1784955
1785133
1785287
1786499
1791339
1795216
1798587
1801424
1802747
1802886
1803603
1809482
1813884
1816989
1817756
1830861
1831078
1831970
1838135
1838252
1838387
1840152
1845687
1845871
1846024
1846934
1848729
1848972
1857785
1858834
1861411
1861554
1864656
1866475
1867200
1870377
1871375
1874018
1876555
1876900
1882701
1882818
1883065
1884623
1886551
1886565
1886659
1886704
1886748
1891827
1894890
1904655
1912871
1912970
1913703
1915358
1915913
1917307
1918488
1919147
1919385
1919605
1929357
1929518
1935543
1935685
1937644
1943718
1944632
1945233
1945762
1962606
1968318
1968861
1969883
1969937
1971227
1971557
1972567
1980160
1980349
1980451
1981851
1987938
1988526
1988731
1988988
1990458
1998511
1998604
1999497
1999708
2003868
2003990
2004417
2008290
2008799
2008890
2008913
2028175
2032986
2033302
2033336
2033353
2033382
2039549
2040673
2041681
2041830
2043090
2052762
2054238
2063836
2065761
2066362
2066880
2067693
2069143
2070313
2070907
2071650
2071776
2074274
2079669
2082197
2082472
2082945
2084032
2084126
2085750
2085942
2086045
2086147
2104689
2115511
2117945
2119068
2125906
2126014
2126279
2128263
2133810
2138128
2138589
2138937
2142547
2142575
2142793
2142955
2142962
2143063
2143131
2143213
2143617
2145650
2146451
2146687
2150016
2150157
2154197
2156700
2157389
2158009
2158135
2160044
2161700
2161797
2162066
2162747
2162832
2164170
2164327
2165495
2166004
2166203
2166296
2171831
2177672
2181956
2191193
2191215
2192316
2194277
2198411
2198716
2203655
2204370
2206356
2206448
2206664
2206794
2209478
2211410
2211513
2212499
2212595
2214875
2222854
2223049
2223814
2224125
2229946
2232290
2232626
2240078
2241052
2241067
2252603
2252856
2253276
2255278
2255335
2255550
2255677
2256097
2256375
2260385
2263436
2263643
2269969
2270163
2278662
2286392
2286752
2286852
2294999
2299376
2299954
2300713
2301001
2309065
2309500
2312855
2312970
2313276
2313387
2314906
2318683
2318886
2318993
2323537
2333330
2344618
2350022
2351621
2351719
2354502
2362425
2370429
2372254
2372618
2386889
2390447
2392264
2393650
2393655
2393660
2400388
2400965
2400985
2400992
2401002
2401309
2403705
2403852
2404758
2409835
2409888
2419376
2420928
2426334
2429941
2430072
2434821
2436909
2437037
2437183
2442179
2442269
2442411
2444853
2445030
2445327
2446612
2447290
2448811
2448890
2450861
2450955
2454995
2458501
2458600
2461378
2461796
2466157
2466372
2466910
2467008
2485466
2487209
2487356
2489015
2492686
2492804
2493551
2495206
2495430
2497317
2497434
2500271
2503856
2503966
2509196
2514151
2527545
2529657
2530702
2533928
2535955
2536422
2537911
2543137
2543375
2543395
2543402
2543481
2543489
2543736
2546696
2546792
2547012
2547150
2549012
2550499
2550591
2552201
2557428
2562215
2562225
2567935
2571721
2572711
2572837
2574404
2576141
2577305
2577375
2577518
2577696
2577741
2578406
2578492
2578699
2580186
2582880
2590196
2590339
2592818
2594632
2596496
2599346
2599446
2600924
2601085
2605545
2605694
2606264
2609395
2609785
2609965
2610168
2612181
2612691
2613027
2613119
2613352
2618019
2621076
2621195
2625447
2627172
2627638
2628338
2631787
2631902
2634246
2638140
2639253
2646122
2646822
2646864
2646978
2648183
2650677
2656501
2656796
2656958
2657486
2660158
2662886
2666180
2666458
2666539
2667495
2668714
2669120
2673528
2673896
2674377
2674538
2676173
2678335
2678471
2679977
2680052
2681697
2682430
2683426
2685578
2685690
2694984
2695097
2698676
2699072
2699084
2700542
2701581
2701803
2702298
2703114
2703893
2706876
2706968
2707236
2708127
2708810
2709414
2709726
2710084
2710100
2710367
2710793
2714671
2715470
2717465
2717562
2718058
2720361
2720454
2720938
2721048
2725407
2725682
2726454
2727174
2727270
2727762
2728322
2731987
2733008
2733827
2733923
2742319
2747406
2747594
2752336
2755300
2756539
2756661
2764864
2771224
2772387
2772498
2774842
2783163
2783688
2783793
2791292
2791373
2792118
2792194
2794482
2794589
2798393
2798759
2799077
2799139
2799178
2799280
2799406
2799472
2801853
2801935
2804292
2804415
2808322
2808476
2808692
2809049
2810549
2811524
2811644
2811770
2820362
2823013
2823111
2823430
2824031
2824598
2826572
2827093
2827748
2827820
2828219
2828791
2830327
2830417
2832253
2836337
2840935
2841170
2841342
2854507
2854874
2854984
2857144
2858820
2859197
2861983
2869299
2869409
2869877
2869970
2871174
2873225
2873723
2873948
2874593
2874676
2877967
2879317
2879499
2882851
2883219
2885095
2885227
2887285
2887660
2887967
2889619
2891320
2891408
2893306
2893423
2894137
2901817
2903484
2904777
2904851
2905267
2905976
2906894
2908485
2909224
2910828
2911132
2913880
2914709
2915099
2915396
2928151
2931959
2934894
2935110
2935225
2938069
2938450
2939040
2939553
2941026
2941122
2941429
2946542
2946641
2946788
2947242
2951452
2951641
2953256
2953619
2956639
2963325
2964906
2964979
2965136
2969756
2975521
2977498
2977980
2978050
2978586
2981921
2986127
2987358
2987519
2991256
2993856
2994173
2994361
2994628
2995589
2996526
3000023
3002256
3002729
3007055
3008427
3008889
3009080
3011596
3015709
3017189
3018542
3018631
3020123
3020215
3020534
3021236
3023744
3028093
3030429
3033126
3035334
3039459
3039566
3040226
3040900
3042746
3042967
3044933
3047408
3047638
3052856
3055998
3060870
3061150
3061714
3062161
3063831
3063949
3064030
3064278
3066711
3066858
3067221
3071808
3071898
3072099
3073706
3073817
3077164
3077386
3077637
3081406
3082944
3087162
3089967
3090457
3090591
3091778
3092191
3097802
3098063
3098405
3098717
3102789
3111543
3117642
3121552
3121811
3127997
3128572
3128687
3130824
3130897
3130945
3132528
3139502
3148014
3148334
3155990
3158504
3165804
3171016
3174195
3174304
3174994
3177907
3178003
3178188
3178371
3182023
3186392
3187146
3192180
3192295
3192462
3198650
3202452
3202588
3202879
3203964
3204315
3204783
3206568
3206666
3208560
3208737
3211416
3211672
3211771
3212078
3212930
3213070
3213171
3215756
3217133
3220772
3223372
3223455
3224168
3224498
3225183
3225292
3225517
3225567
3226891
3227898
3227920
3227921
3228021
3228030
3237605
3237997
3248208
3252027
3252183
3252664
3255748
3255855
3260230
3261718
3261814
3262047
3269461
3274407
3274510
3275894
3278482
3278775
3279230
3281645
3281751
3281926
3282096
3283190
3283573
3284583
3284745
3289013
3291123
3291382
3291529
3296583
3299315
3299824
3300117
3301454
3301600
3304932
3304992
3305070
3307176
3316437
3321972
3322638
3323460
3324048
3324478
3326461
3329965
3331594
3334899
3336170
3336268
3344179
3344225
3347047
3353719
3353853
3353978
3355108
3359750
3360092
3360217
3360712
3361470
3362898
3368216
3370514
3370676
3370697
3370699
3370773
3370827
3370840
3370965
3371075
3371142
3382328
3382648
3383003
3385748
3392591
3392953
3393495
3395014
3397042
3407022
3409641
3418805
3420471
3428371
3428469
3434741
3435707
3435847
3435900
3436210
3441159
3445091
3446358
3447003
3449123
3450112
3459420
3462863
3463314
3463636
3467401
3468080
3468707
3468796
3468984
3469265
3469306
3469474
3469484
3469791
3469973
3470864
3471330
3471736
3474458
3474534
3474703
3475364
3476442
3476565
3478117
3478222
3480115
3480643
3482044
3483153
3483279
3486862
3488294
3494245
3494354
3501632
3501855
3505706
3505925
3508059
3512295
3512697
3512835
3517283
3517299
3517344
3517350
3517414
3519705
3523933
3524113
3524217
3526826
3526972
3527475
3535186
3535286
3535745
3537322
3537832
3537916
3540914
3541663
3545844
3556312
3556537
3559411
3559450
3567083
3568385
3568475
3571018
3573052
3573279
3583195
3588530
3588823
3588913
3589355
3589735
3590367
3592911
3593006
3596161
3602695
3603925
3604740
3604995
3606679
3619127
3619226
3660719
3667528
3667670
3667938
3668077
3668771
3669840
3671048
3671176
3673896
3674931
3676736
3682459
3686147
3688939
3690907
3691054
3691308
3695439
3709063
3711475
3711945
3712070
3718590
3722342
3723402
3725653
3726276
3727059
3735010
3738130
3738881
3752781
3752837
3753218
3756016
3756159
3759720
3761284
3761903
3762010
3762639
3762742
3762916
3763066
3763158
3774953
3780211
3780692
3783661
3786508
3788046
3788152
3788287
3788330
3788401
3788499
3792496
3793216
3793608
3797888
3800684
3801693
3803225
3803966
3804158
3807938
3808090
3811819
3811945
3812289
3812489
3813606
3814446
3815397
3819847
3825304
3826557
3826730
3826887
3828636
3829896
3831035
3836175
3836306
3839396
3843746
3844140
3844269
3849637
3851166
3855681
3856252
3859302
3864763
3869200
3875903
3881057
3886159
3886290
3889688
3889759
3890853
3901831
3902758
3902871
3903022
3914797
3917439
3917464
3917621
3918586
3921895
3922514
3922622
3932569
3933157
3934575
3935502
3935598
3936166
3936259
3939433
3941229
3944439
3945018
3945350
3945929
3946452
3946679
3946683
3947091
3947326
3947849
3950568
3951331
3953974
3960407
3960714
3963129
3963263
3963354
3963499
3963600
3963963
3964305
3968194
3968441
3968701
3970242
3970782
3973598
3973698
3975509
3976199
3978491
3979279
3979298
3979386
3980558
3980943
3981155
3981259
3981469
3982017
3982096
3983366
3984329
3984881
3989066
4001713
4025848
4025955
4031430
4032464
4033021
4035368
4035415
4035954
4036157
4036299
4039911
4040592
4040754
4042422
4043881
4049544
4049772
4053789
4053877
4055595
4058091
4058229
4058609
4058961
4061820
4061932
4062396
4062533
4062662
4062933
4066147
4067470
4067552
4068085
4069202
4069355
4071779
4074317
4074648
4075188
4076147
4081900
4086638
4088626
4088882
4089144
4089186
4089311
4089630
4091710
4092212
4092346
4094669
4096803
4101602
4102358
4102463
4102574
4102753
4104047
4105583
4109820
4115232
4115371
4115812
4122733
4122842
4123023
4123190
4125135
4125333
4125423
4125721
4126661
4127541
4129930
4131269
4135520
4136547
4145639
4145749
4146562
4164899
4166257
4166857
4167972
4169157
4172014
4172348
4172478
4174888
4174981
4175323
4175680
4177237
4177357
4178956
4182020
4183145
4183582
4186993
4211268
4215879
4221438
4223052
4223544
4227903
4233686
4233878
4234790
4237880
4242370
4250287
4259867
4263550
4263919
4264348
4264428
4264580
4265093
4271991
4276729
4281414
4281974
4284187
4285425
4286044
4286230
4288388
4288515
4290287
4292226
4292371
4297715
4297889
4298011
4304700
4304811
4307752
4308359
4308476
4314867
4315444
4316276
4317217
4319644
4325965
4331197
4332081
4332186
4332341
4332805
4338507
4338856
4341886
4345929
4360411
4363058
4366100
4366635
4367331
4368666
4369118
4369548
4373204
4373348
4377666
4378607
4382803
4390514
4393257
4395271
4398534
4398698
4410866
4411000
4411274
4412274
4412381
4412533
4412867
4414327
4416127
4422779
4425329
4426596
4426724
4426876
4429566
4429586
4429746
4437542
4437646
4437802
4437965
4438299
4439115
4443795
4445550
4445642
4450543
4456714
4456974
4457116
4463318
4463485
4464467
4464558
4464694
4465452
4468742
4468920
4470842
4478881
4479071
4482174
4484977
4487325
4489646
4489734
4491392
4492002
4492030
4492564
4493116
4494846
4499741
4500194
4503876
4504316
4508479
4509010
4512094
4514526
4514706
4519927
4520042
4520258
4520552
4520691
4520813
4521581
4521789
4525443
4525473
4525563
4525572
4525682
4532097
4532218
4533388
4537034
4537422
4537537
4537718
4542593
4543261
4543392
4550032
4550738
4551994
4552111
4559895
4574858
4585013
4585022
4585267
4591587
4597064
4599437
4604165
4604275
4604905
4615397
4619896
4620029
4620203
4621023
4636726
4638354
4638649
4639599
4640170
4640274
4640714
4640891
4643450
4643585
4643642
4645886
4646129
4649714
4653543
4655093
4657168
4658112
4659463
4659568
4661235
4661329
4667370
4669200
4680664
4680764
4681243
4686950
4689652
4700296
4708714
4711043
4711448
4711579
4730204
4730887
4731015
4731378
4731806
4733480
4733706
4743106
4743415
4748539
4755380
4755499
4758572
4758984
4760540
4760640
4760763
4760963
4761287
4764798
4767377
4768129
4775514
4778086
4786656
4786862
4789757
4792923
4794203
4799048
4801730
4801939
4816094
4816191
4816296
4816420
4821287
4830424
4845210
4849481
4851699
4852567
4855545
4858693
4868637
4874840
4875029
4875414
4878444
4878708
4878948
4879101
4883052
4883185
4883351
4885730
4886218
4887154
4894224
4894978
4897640
4897791
4897948
4900110
4901087
4901364
4902253
4902266
4902375
4902535
4902588
4905185
4905294
4905308
4905403
4905425
4905434
4905447
4906291
4906691
4910701
4911859
4912248
4912462
4915172
4915714
4917230
4917466
4917792
4918210
4918422
4919832
4928625
4928728
4928850
4929063
4929917
4930028
4930530
4935198
4935300
4943598
4943743
4946511
4946612
4949284
4951043
4953608
4957781
4958087
4963401
4964486
4964631
4964809
4968458
4969647
4976950
4986614
4988120
4993713
4994123
4994461
4994843
4995101
4995332
4997148
4997945
4998933
5000484
5005351
5017970
5028381
5028707
5034057
5036558
5036766
5037071
5037207
5039858
5041149
5041811
5041917
5044415
5054778
5057121
5057238
5058714
5069199
5070197
5070285
5074010
5074280
5075544
5076068
5076998
5077367
5077480
5077570
5079590
5079687
5082409
5082568
5085438
5085909
5087232
5087983
5089834
5091872
5092487
5092798
5099434
5099813
5105231
5110898
5115638
5123840
5124822
5127224
5129869
5137178
5137637
5142720
5143049
5143186
5147931
5148320
5155880
5156335
5156471
5156828
5158106
5159627
5159996
5162876
5163765
5163853
5164059
5168454
5168569
5168889
5168984
5170949
5171285
5173104
5184758
5185852
5185952
5189774
5189907
5190244
5191357
5195018
5195144
5195445
5195687
5204609
5205341
5207217
5210962
5211054
5211241
5211581
5212188
5212402
5212711
5215097
5217822
5217894
5219691
5220646
5221937
5222223
5222946
5223295
5223869
5224462
5235926
5238810
5239385
5242239
5242435
5242730
5246093
5247568
5247942
5248300
5248469
5249173
5249269
5249577
5252125
5256751
5256827
5258828
5259365
5260645
5261012
5261136
5262463
5268801
5268916
5270487
5271344
5272242
5275654
5275784
5276031
5280795
5287754
5288726
5289071
5290149
5291276
5295597
5297050
5297899
5304736
5304838
5307993
5310574
5311618
5312043
5312814
5320566
5323276
5324467
5326321
5327108
5328581
5328671
5328885
5335228
5335564
5337178
5337203
5337295
5337867
5345198
5345295
5345434
5347900
5347992
5351079
5351183
5354242
5354358
5354644
5358355
5358479
5364176
5371845
5375494
5375578
5375750
5377824
5377988
5378617
5380912
5381369
5381550
5382290
5382863
5385953
5388532
5388905
5391814
5392549
5393568
5396890
5397853
5408689
5408801
5409797
5409956
5416492
5432964
5436400
5436541
5438028
5441248
5443067
5443632
5443676
5444054
5449708
5449819
5455362
5460541
5462364
5463514
5463654
5467199
5467508
5471236
5471321
5471593
5471605
5472636
5473302
5473581
5473981
5475381
5476485
5476810
5477053
5477627
5478013
5478204
5478672
5478992
5479098
5479325
5480922
5486740
5487832
5488183
5499258
5507799
5517329
5518173
5519209
5536289
5536413
5541393
5541925
5543531
5545840
5545916
5547184
5548445
5548854
5548987
5554180
5555066
5555180
5556296
5558548
5558743
5561123
5561554
5564743
5565875
5568214
5570813
5570946
5571303
5571665
5574966
5575123
5577974
5578343
5579243
5580069
5582165
5583246
5583263
5584410
5588018
5588239
5588455
5588927
5592097
5592195
5592530
5594270
5594351
5594963
5595071
5599597
5599840
5603566
5607103
5609555
5609658
5609746
5613162
5616648
5620703
5623104
5623314
5623876
5624597
5625354
5625626
5628861
5629217
5629522
5632741
5636184
5636260
5639304
5639417
5639684
5640470
5640571
5643113
5643323
5646402
5646697
5646813
5648066
5648164
5650604
5650724
5655096
5656408
5656505
5656731
5656867
5658317
5659481
5660442
5661978
5664675
5666517
5666844
5666904
5666943
5667321
5673880
5673980
5674232
5682233
5682955
5685017
5685133
5685295
5689742
5691716
5692258
5696186
5696317
5696430
5696486
5696489
5696688
5698610
5702188
5703435
5704507
5704587
5713642
5714182
5715543
5716947
5721402
5721625
5724780
5733455
5733587
5734312
5738047
5738292
5739438
5739841
5739942
5740023
5740757
5741017
5741148
5742474
5747276
5748293
5748961
5749194
5757726
5758894
5759255
5759361
5760721
5760885
5761306
5762440
5763497
5765190
5765276
5769072
5769868
5770420
5770625
5771501
5771532
5771594
5772729
5773518
5773849
5773872
5775449
5776900
5777028
5777597
5777884
5778333
5778486
5778805
5779147
5779463
5781066
5783203
5783352
5783532
5783763
5787794
5789718
5793880
5803500
5804445
5804993
5808460
5808535
5808978
5813070
5813136
5815264
5815502
5815979
5816260
5817536
5817607
5817727
5818288
5819689
5820616
5821421
5822123
5824771
5827689
5837285
5843329
5843405
5843566
5845343
5845377
5845467
5852783
5853068
5853371
5854411
5856408
5856424
5856759
5857720
5858019
5862931
5863162
5868671
5868843
5870029
5870144
5877199
5877505
5883205
5885767
5886747
5889287
5889642
5889682
5890789
5891429
5892780
5893856
5893966
5895771
5896611
5897811
5897909
5899972
5900206
5900956
5902228
5902483
5902528
5904754
5904806
5905168
5905311
5906315
5912644
5913725
5914502
5917235
5918221
5921371
5925782
5927283
5927378
5928273
5930324
5931970
5936971
5937254
5939303
5939913
5940785
5941327
5941757
5942103
5943881
5944191
5945995
5946098
5947348
5948822
5950494
5951039
5953287
5954108
5954289
5955615
5957015
5957146
5958435
5959051
5961584
5962406
5962560
5962713
5963469
5965468
5966344
5966392
5967273
5967569
5967736
5968419
5970916
5972981
5973879
5981372
5981444
6000632
6000723
6013291
6026174
6032508
6044220
6046980
6048978
6056583
6057674
6058733
6061244
6061348
6061488
6061531
6062130
6062932
6063178
6063478
6063561
6064007
6065059
6066250
6066341
6066752
6068727
6071403
6071447
6071480
6074830
6077052
6077137
6080740
6080837
6081587
6083516
6084202
6084737
6084881
6085476
6086473
6087368
6087880
6095591
6096423
6096510
6100742
6111252
6113495
6118160
6119241
6120539
6120781
6121460
6122324
6122451
6122758
6124380
6124666
6125092
6126147
6126242
6126817
6126887
6126894
6127292
6127403
6128216
6128952
6131476
6131847
6131921
6132060
6133555
6133633
6133745
6134106
6134286
6136311
6136535
6137982
6138609
6139151
6139859
6140873
6141761
6146997
6151850
6152187
6155276
6155858
6156355
6158843
6163032
6163713
6165164
6165463
6167442
6167546
6169185
6169568
6171243
6171877
6171883
6171977
6173770
6173865
6177313
6178922
6180092
6180202
6182041
6182631
6183836
6184502
6185404
6185661
6185863
6185949
6187669
6188534
6188607
6189311
6189724
6190134
6190286
6190395
6193000
6195336
6197403
6197510
6199459
6200127
6200643
6202971
6203206
6208882
6210964
6211912
6218598
6218836
6226137
6226445
6226726
6229345
6230749
6231367
6234314
6234401
6234630
6234890
6240639
6240751
6240929
6241575
6247373
6247476
6247641
6247894
6247935
6248173
6250246
6262073
6262532
6262777
6269178
6275064
6291347
6291590
6291733
6294085
6297792
6297907
6299199
6302750
6302853
6303032
6303490
6303498
6304049
6304071
6304144
6304215
6304222
6304382
6304386
6304387
6306576
6307754
6308046
6311671
6311968
6312099
6320488
6320580
6321746
6321837
6324799
6325969
6330575
6334127
6334400
6337088
6338185
6341400
6349372
6349573
6350241
6351232
6351840
6351915
6352793
6352931
6356014
6362365
6363361
6364812
6366575
6369381
6369758
6369856
6371889
6372373
6372456
6372936
6374419
6383009
6383094
6384162
6384749
6385965
6391660
6391932
6391981
6398914
6399047
6399188
6401810
6403349
6405430
6407094
6407190
6407709
6408385
6410661
6414913
6416495
6417125
6417248
6417641
6418045
6418269
6421843
6422214
6424247
6428079
6428428
6429688
6432387
6440945
6441722
6441929
6442850
6442921
6443566
6443788
6444120
6444690
6446284
6446453
6446631
6447030
6450746
6451514
6454924
6455861
6455950
6460662
6460752
6460822
6461684
6464054
6464159
6465624
6467133
6467321
6467836
6469252
6470601
6470776
6471019
6472117
6475034
6475128
6475559
6478795
6479165
6479630
6479758
6480542
6482591
6486875
6487002
6487185
6487353
6491114
6491296
6494443
6494779
6494907
6495085
6495274
6497635
6500363
6500659
6500821
6503865
6508753
6508904
6512467
6514018
6514215
6514413
6514524
6514670
6516389
6520795
6520900
6523208
6523216
6523371
6523506
6538765
6547084
6552870
6553548
6553643
6561477
6561947
6562152
6562703
6562932
6563285
6563633
6566830
6568479
6570041
6570298
6571225
6571499
6571696
6572206
6573310
6575118
6575680
6577152
6577255
6578487
6579073
6580099
6586046
6586130
6586752
6586906
6589126
6589429
6590030
6590293
6592468
6593095
6597115
6597272
6610511
6610642
6612642
6612733
6619703
6619973
6620464
6620610
6621163
6625229
6625695
6625829
6629850
6631548
6631944
6633467
6633587
6635769
6636896
6637283
6638566
6639151
6639378
6640943
6641233
6644500
6645067
6645180
6648897
6651971
6660081
6660230
6664454
6664543
6664646
6664842
6667439
6667468
6668436
6669604
6669928
6670043
6670243
6672335
6676008
6678201
6678342
6678589
6681005
6681183
6686026
6686114
6686527
6686623
6686755
6686900
6687046
6692231
6695708
6695993
6698539
6698544
6698599
6702544
6702884
6703038
6703139
6703883
6705408
6705989
6715313
6715543
6715682
6720239
6721685
6722004
6722139
6722642
6732770
6732878
6733008
6733145
6733335
6733491
6734007
6734133
6735670
6739593
6741844
6741942
6742125
6747415
6747990
6748033
6748523
6749896
6750005
6754846
6755269
6762096
6763721
6764662
6764684
6764981
6765519
6765777
6766216
6767517
6768495
6770582
6777597
6779879
6780685
6781042
6781082
6781134
6788488
6788724
6789048
6790778
6791168
6791694
6792202
6792550
6792827
6793170
6793936
6794175
6794634
6795530
6795642
6796009
6797123
6805660
6806837
6807261
6807358
6808052
6808749
6809083
6809537
6810917
6811104
6813105
6813784
6813962
6817500
6818161
6820288
6821228
6835043
6835147
6835387
6835550
6838968
6839076
6839740
6841671
6842207
6843088
6847578
6851082
6851824
6854838
6857430
6857523
6860038
6860391
6860657
6862777
6864590
6873902
6875145
6876047
6876150
6879525
6880933
6881474
6881575
6881711
6882960
6883053
6883806
6884162
6885895
6886349
6886863
6887175
6893360
6900642
6901246
6901427
6904408
6904495
6904860
6905998
6906138
6906658
6911209
6911630
6912471
6912721
6912853
6915703
6931753
6931841
6931980
6933808
6934426
6934535
6935218
6936228
6936507
6936628
6937835
6939863
6941616
6944673
6944765
6946771
6947125
6948128
6948359
6949350
6949670
6950167
6970110
6971495
6975841
6982499
6984461
6984602
6995986
6996217
6996840
6997373
7000812
7002200
7002253
7002342
7002422
7003806
7005063
7007080
7015591
7015694
7015857
7019265
7019768
7019923
7020560
7021638
7036236
7036922
7040315
7041097
7042785
7045745
7045858
7045873
7050479
7051490
7052192
7053295
7056798
7062384
7063815
7068792
7073937
7074010
7074049
7076824
7078239
7078384
7078658
7078881
7079711
7080394
7081593
7081678
7082090
7085450
7085751
7086144
7086582
7087117
7087254
7090596
7091762
7091975
7092085
7092207
7094905
7095178
7095535
7095849
7095933
7096238
7096935
7098992
7099070
7100001
7100143
7100246
7101283
7101679
7101882
7102839
7103211
7105344
7105866
7106128
7107998
7108507
7110461
7111261
7112786
7114219
7118041
7119676
7120673
7121236
7121678
7122169
7122599
7125392
7126987
7127808
7128806
7130253
7136548
7137275
7137352
7140522
7144133
7144245
7144252
7144604
7144780
7148191
7148294
7148532
7148661
7153235
7155385
7156220
7157364
7161746
7163204
7163492
7163629
7165391
7165505
7165700
7170065
7170157
7170339
7173775
7173887
7174532
7176067
7184737
7184801
7184890
7185052
7186031
7186880
7187907
7194525
7194935
7195085
7201931
7202719
7202809
7203230
7205489
7209136
7209528
7210715
7210819
7210980
7212828
7216040
7216124
7216175
7216225
7216372
7216560
7223236
7223376
7223631
7226187
7226489
7226964
7236518
7236820
7241062
7243811
7243982
7244437
7244560
7244702
7251523
7252076
7252346
7252726
7253309
7253399
7253957
7255870
7256111
7256342
7259765
7273558
7282065
7284461
7284947
7285971
7287002
7289767
7292979
7300477
7300587
7303983
7308127
7309577
7312683
7313264
7313350
7313999
7314711
7316669
7317284
7317898
7318717
7320614
7320733
7330520
7330727
7331999
7341186
7341292
7342187
7342278
7345233
7349227
7349972
7350291
7350878
7350938
7351032
7351270
7351897
7353845
7358143
7360048
7362407
7366953
7371712
7371862
7373161
7374571
7379462
7381406
7389088
7391132
7391229
7392663
7392897
7401725
7402250
7406249
7408742
7408853
7408921
7413899
7414581
7418065
7421531
7422838
7427005
7428952
7429380
7429900
7432206
7432289
7433016
7433107
7433644
7433719
7437040
7439879
7439967
7449385
7449613
7455526
7455765
7457988
7458177
7458336
7461867
7462403
7462637
7475492
7483460
7483583
7490028
7490516
7491267
7491795
7492223
7495345
7496595
7496803
7503693
7503860
7513278
7517607
7517777
7518022
7518115
7518455
7518511
7518581
7518757
7518826
7522510
7522868
7536530
7536638
7536807
7545004
7546031
7549796
7551442
7551859
7551888
7552118
7552505
7552598
7560703
7564878
7564974
7567015
7567103
7568125
7569942
7570074
7570133
7570146
7570236
7570808
7571109
7574876
7576362
7576564
7580116
7581897
7582222
7582357
7586000
7586176
7590720
7591817
7592655
7593533
7593815
7594803
7595094
7595196
7601531
7601982
7604130
7606673
7606751
7606990
7607039
7610587
7611195
7613631
7614171
7615758
7615854
7621321
7621465
7622302
7623349
7623405
7626624
7630054
7635148
7637317
7637460
7637622
7637857
7638034
7638180
7641124
7641450
7641564
7641641
7642994
7643464
7643602
7643771
7646804
7651028
7656819
7657932
7658029
7662911
7663023
7663484
7663568
7663738
7665666
7665697
7665784
7665972
7666906
7667099
7670649
7670758
7671394
7671545
7671652
7673902
7674183
7674289
7674389
7674563
7677433
7678133
7678223
7680668
7685834
7687990
7690303
7690307
7690576
7693745
7696285
7696385
7696578
7699780
7701016
7701365
7701860
7702677
7704679
7705015
7707603
7707693
7709847
7713911
7713995
7714142
7714266
7715838
7717519
7717608
7717773
7719129
7720360
7720594
7727292
7727407
7727841
7728002
7728881
7729239
7729808
7731416
7732749
7733310
7733530
7733640
7736442
7745255
7745986
7746046
7746138
7746187
7746646
7751159
7751179
7751273
7760687
7760819
7761364
7761657
7761830
7762082
7762809
7765039
7765597
7767799
7767908
7773240
7773352
7773897
7777894
7778007
7778173
7778193
7783376
7783899
7784131
7784324
7784615
7784698
7786558
7786644
7786794
7786916
7787039
7787473
7788888
7789279
7792397
7795209
7796614
7798431
7798579
7799314
7800111
7802528
7802654
7803474
7806613
7807131
7807269
7807495
7808078
7809148
7810517
7811114
7811546
7811803
7813030
7817576
7821414
7821952
7822138
7822299
7822846
7824356
7824748
7824947
7827114
7828035
7828407
7829621
7830402
7831042
7833124
7835044
7835636
7835710
7836173
7837858
7838379
7838793
7839461
7839765
7839843
7841236
7841333
7843773
7844054
7844235
7844622
7844807
7846904
7847079
7849763
7856181
7857412
7857542
7857789
7857915
7860472
7860904
7864740
7866815
7867421
7867504
7867991
7871274
7871496
7871809
7879901
7880144
7882348
7882468
7884671
7885831
7888490
7896863
7896979
7897896
7898176
7898204
7899001
7901860
7902083
7906563
7909380
7915558
7917982
7918082
7919252
7919727
7920076
7923906
7933008
7935420
7939316
7944809
7944902
7945198
7945311
7945482
7945668
7945979
7951951
7954800
7955321
7960449
7962891
7963229
7963901
7970040
7970127
7975785
7976803
7981635
7982773
7993333
7993449
7993589
7995040
7995904
7995916
7997072
7997268
8000593
8003125
8007327
8009399
8009529
8009691
8013091
8014003
8014106
8014350
8029856
8031816
8032571
8045139
8045184
8045287
8045363
8045565
8047594
8049956
8054380
8056191
8061355
8061560
8061674
8062940
8063043
8063567
8063622
8063786
8063950
8064855
8065349
8081310
8081436
8082089
8082181
8092390
8095796
8098736
8098833
8098885
8099047
8101226
8102373
8107846
8107945
8116032
8117178
8118290
8118450
8121569
8121843
8127315
8127648
8128956
8130059
8130169
8130366
8130498
8130671
8130935
8135573
8140194
8141641
8141826
8144434
8148760
8151445
8151541
8151682
8157084
8157178
8157330
8157561
8160641
8161060
8161172
8163781
8164546
8168038
8170342
8171260
8171724
8171820
8172623
8173467
8175853
8175935
8176037
8182052
8185974
8186195
8186575
8188923
8189784
8191505
8193055
8193183
8199199
8203734
8204506
8205213
8205383
8205583
8211441
8212161
8212447
8217814
8217952
8218324
8221430
8221529
8223181
8230092
8234763
8237863
8239614
8244240
8244393
8251071
8251246
8255072
8255795
8263775
8263883
8264065
8268990
8269121
8274306
8274407
8274441
8274860
8275268
8280599
8286697
8288292
8294913
8313973
8314080
8314249
8316460
8318643
8318756
8320344
8323387
8324476
8324576
8324777
8325741
8332086
8336582
8336777
8339762
8340829
8340995
8341096
8341768
8341872
8342021
8342657
8342818
8344636
8344994
8349680
8349994
8350190
8350444
8354186
8356143
8356229
8356697
8356841
8357039
8362280
8364326
8364843
8364971
8368429
8371330
8371567
8376828
8378515
8378662
8379163
8379251
8379286
8383091
8383556
8383700
8385520
8385611
8392754
8399180
8403787
8407002
8407413
8407711
8407957
8408368
8408570
8408948
8409060
8413016
8413173
8435586
8439300
8444405
8448767
8448909
8449035
8450757
8450894
8451108
8451418
8451581
8451753
8451970
8456650
8456935
8457493
8457572
8457741
8460007
8460132
8460310
8462694
8462980
8463094
8464240
8464615
8464693
8465413
8468302
8468525
8469016
8469106
8471476
8471704
8471859
8471966
8474793
8474993
8475676
8478037
8479195
8480371
8488456
8488560
8488724
8497119
8497191
8501924
8502159
8502274
8505336
8506360
8506469
8512589
8524018
8524231
8526281
8528476
8528587
8528733
8528798
8528828
8529937
8530640
8531193
8531337
8532663
8533331
8537669
8537868
8542333
8542441
8543050
8545547
8546417
8547848
8548153
8556104
8556201
8556210
8556339
8559274
8559491
8559835
8560172
8571171
8571273
8573100
8579403
8588326
8588595
8590944
8591252
8591544
8593288
8594659
8599598
8601218
8601339
8602049
8603691
8604772
8604941
8606529
8606713
8606808
8607063
8612462
8613863
8614511
8617589
8617683
8617847
8618096
8623457
8623536
8623648
8625044
8625281
8631429
8631685
8632948
8634198
8634313
8634818
8635855
8636562
8639886
8640270
8640356
8640680
8641167
8642356
8642470
8643574
8646984
8647468
8648529
8650060
8652265
8652347
8656567
8657002
8657208
8658128
8658340
8658844
8658957
8659501
8660961
8661843
8663578
8663799
8678242
8680619
8680730
8686871
8687093
8691657
8694748
8694870
8695556
8695650
8696619
8702975
8703553
8705727
8710384
8711728
8712180
8713211
8713389
8713400
8713509
8720493
8724338
8724500
8724618
8725133
8725367
8725512
8725600
8728203
8728468
8731064
8731197
8732345
8732939
8733032
8741877
8746188
8746207
8747682
8747907
8747933
8748102
8748165
8748284
8748770
8751740
8751840
8753621
8755150
8756163
8756185
8759741
8760416
8765020
8771043
8772270
8772375
8772576
8775057
8775901
8780803
8782977
8783000
8783389
8783490
8785553
8786499
8791222
8793398
8796922
8797803
8798017
8798059
8799893
8799990
8800089
8804386
8805798
8805897
8808067
8808139
8808548
8809193
8809448
8809462
8809626
8815604
8815725
8815816
8816076
8818425
8818794
8818881
8819381
8820701
8820807
8821221
8822640
8822708
8845395
8845490
8845687
8846181
8848284
8848394
8851783
8851940
8852303
8854177
8854734
8858480
8859292
8859404
8859717
8859843
8860038
8864905
8864998
8865518
8869346
8871345
8872503
8872752
8874126
8874228
8876799
8876959
8881798
8881941
8882294
8885746
8889512
8890045
8898475
8898537
8898901
8899038
8899325
8899405
8903344
8904055
8904721
8908836
8910037
8910387
8913260
8923627
8925725
8927037
8933048
8933299
8934841
8936304
8937325
8940900
8941814
8947831
8951917
8952458
8953941
8954884
8956365
8957895
8958773
8961717
8961811
8961912
8974816
8977552
8986844
8992147
8993175
8996171
8996278
9001776
9002570
9002879
9007257
9007625
9008123
9009371
9010138
9013890
9018374
9021707
9021813
9022545
9025458
9025753
9026363
9026794
9026897
9027640
9028330
9033620
9033729
9033895
9041693
9041798
9042038
9043831
9044028
9048210
9050260
9050372
9052612
9052846
9056041
9056539
9058689
9058789
9059010
9064313
9064987
9065141
9067029
9067130
9067285
9067736
9068230
9072035
9072287
9072487
9075751
9075833
9076114
9076349
9078901
9079558
9079634
9080328
9080446
9084047
9084179
9084234
9084240
9092407
9092559
9092568
9092628
9099744
9099906
9099986
9100004
9100164
9102136
9114787
9115099
9126612
9134374
9136798
9142208
9142514
9143278
9145978
9151480
9151582
9153708
9153850
9159462
9161538
9161743
9161905
9162373
9163305
9164349
9167828
9180175
9180245
9181270
9181756
9182149
9184777
9184867
9185193
9186191
9188926
9190383
9193862
9195766
9199734
9199878
9201662
9201877
9217162
9221428
9229158
9229270
9229454
9249797
9251222
9253088
9253186
9259526
9260841
9260994
9262929
9263128
9263528
9264993
9265123
9268840
9268963
9272297
9276566
9276839
9277946
9278116
9279468
9279594
9279716
9279840
9283005
9285175
9285205
9285289
9285426
9285518
9285838
9285845
9287753
9287932
9288060
9289277
9289444
9289625
9290027
9290079
9291199
9291316
9291342
9292975
9297338
9297496
9301699
9303320
9303591
9303890
9304055
9305463
9314932
9315220
9315369
9319916
9320049
9320855
9322711
9324560
9326469
9326530
9328489
9330846
9332216
9334500
9338003
9346683
9355495
9355624
9357107
9361168
9361267
9361463
9366147
9366781
9369982
9370222
9370326
9371620
9371712
9371864
9375384
9375490
9375646
9375793
9376509
9377864
9378182
9378672
9380663
9380840
9380856
9380882
9380937
9380953
9380988
9380997
9382887
9382965
9383410
9383726
9385965
9386057
9388096
9388112
9389440
9390889
9390990
9391063
9393396
9397171
9399825
9399960
9400084
9403159
9403264
9406719
9406816
9410364
9414051
9423405
9426864
9426960
9430792
9430921
9440413
9443998
9447217
9448235
9455585
9455849
9467063
9468146
9470290
9474447
9476516
9476522
9478136
9478261
9478347
9479494
9506947
9507065
9507395
9507722
9509256
9511827
9511966
9513067
9520562
9524567
9525521
9527296
9527563
9528909
9528999
9532115
9532617
9532898
9533173
9538577
9538807
9538903
9541716
9544556
9547303
9549354
9551359
9556109
9556299
9556402
9560531
9566005
9566587
9567203
9572328
9581881
9587289
9587399
9587425
9592001
9592085
9592172
9593046
9593124
9602195
9602343
9604149
9607970
9624102
9624351
9624650
9626269
9631002
9631118
9636240
9636345
9645305
9645546
9646446
9647255
9651864
9655020
9661908
9663343
9663669
9663853
9664023
9665629
9665908
9666181
9666352
9666771
9669230
9669353
9671778
9674862
9675050
9675412
9675507
9675598
9677930
9683055
9691562
9691878
9694033
9694123
9694481
9694963
9695228
9696678
9696778
9696810
9699449
9699536
9699647
9709435
9709551
9709732
9709900
9711923
9712626
9714979
9715308
9715491
9715994
9716501
9716739
9719052
9719142
9719248
9722844
9722971
9726525
9726903
9727357
9729129
9729155
9729695
9731347
9746300
9746461
9746661
9746825
9747216
9747916
9748264
9748398
9748543
9755587
9760386
9760861
9761622
9761760
9761890
9764974
9766878
9767431
9769504
9769594
9771684
9773726
9774996
9775094
9777330
9777884
9781073
9781212
9781315
9781407
9791950
9792069
9792524
9792633
9798698
9799284
9799656
9800069
9800612
9800843
9800975
9801186
9801853
9802031
9802340
9802351
9803337
9803572
9803679
9803946
9804179
9805823
9806255
9807830
9807895
9808044
9808197
9809634
9811029
9814116
9814409
9815695
9815774
9816114
9817679
9818282
9820844
9821180
9821283
9823800
9824860
9824958
9825222
9825347
9825354
9825563
9825700
9827382
9828049
9829063
9829495
9830048
9830080
9831081
9831871
9831944
9832123
9832214
9832757
9833350
9833683
9833784
9834286
9834495
9834550
9834860
9836634
9836716
9836767
9838859
9839876
9840042
9840533
9843122
9843202
9843590
9846927
9847024
9853068
9853316
9857396
9860015
9860452
9860889
9860943
9861010
9867862
9868021
9875291
9877223
9877433
9877911
9884244
9884365
9885325
9885813
9886448
9888659
9892056
9893931
9896354
9903387
9904116
9905193
9907366
9912575
9913004
9913106
9913567
9914799
9917076
9917180
9917347
9920015
9924186
9924935
9925062
9930234
9930341
9933318
9933626
9933798
9933904
9937166
9937253
9937384
9938756
9939016
9939365
9939665
9940917
9941212
9944522
9949147
9950482
9950886
9960286
9960519
9960916
9961107
9965892
9966200
9966561
9966801
9966950
9967148
9969386
9972129
9972299
9972659
9974816
9974903
9975046
9975191
9976148
9978312
9980454
9981200
9983344
9986744
9986849
9987802
9993533
9993632
9993739
10004370
10005179
10005301
10008372
10008493
10008714
10010992
10016880
10016981
10017186
10021506
10021645
10021991
10026189
10027036
10028234
10036845
10039398
10041464
10042841
10045037
10046883
10047539
10050033
10050299
10050554
10053472
10053755
10057919
10058113
10066000
10066107
10070220
10072830
10073231
10073651
10074628
10077289
10077375
10077509
10090131
10094546
10096091
10096180
10096358
10096400
10097991
10098114
10099296
10099442
10100890
10100976
10101349
10101577
10102028
10103944
10104214
10108060
10109647
10110152
10110603
10110732
10111963
10112639
10112671
10112871
10119058
10121894
10121971
10122169
10122898
10123184
10124041
10124162
10124331
10125071
10125170
10126039
10128271
10128444
10135827
10137961
10138036
10138381
10138570
10140388
10140432
10140616
10143474
10146811
10146951
10147129
10150651
10154838
10154941
10158102
10158385
10158677
10158902
10160235
10160370
10169751
10169996
10170670
10173398
10173871
10175901
10180627
10187767
10188214
10188851
10190007
10192176
10192220
10192265
10192406
10192414
10193112
10193512
10195601
10195994
10196242
10197331
10197561
10198423
10200157
10200577
10215540
10215915
10218807
10220071
10221298
10221371
10221538
10230529
10232283
10232536
10232874
10238164
10239745
10249377
10251152
10251718
10251834
10254127
10256684
10256791
10257049
10258280
10259274
10259556
10277508
10282035
10282101
10303229
10303643
10310984
10311098
10311194
10313574
10313610
10317961
10318051
10322343
10322448
10322457
10322643
10322776
10324504
10325756
10326018
10339913
10340017
10343292
10343425
10343592
10343784
10344984
10351407
10351668
10355908
10356008
10356169
10361122
10361504
10361706
10364909
10365194
10365220
10371649
10371922
10372015
10372410
10374036
10375675
10375955
10376148
10376457
10378468
10378508
10378518
10381198
10382723
10382817
10383045
10384572
10391020
10400184
10400737
10403366
10404429
10409444
10411457
10411622
10414543
10421645
10422234
10427393
10432950
10436703
10436904
10437009
10437196
10441586
10443631
10443787
10443902
10445739
10446279
10448117
10449296
10450837
10452052
10452161
10454303
10454476
10454588
10454815
10455206
10455836
10456413
10462353
10468722
10471956
10475008
10476129
10479210
10479518
10479624
10483091
10483175
10483188
10483226
10483227
10484866
10491441
10491534
10496852
10497233
10497355
10497487
10499934
10500026
10502775
10502873
10503234
10503354
10503450
10503556
10505534
10515140
10521115
10521629
10522253
10523264
10523498
10523544
10524394
10526579
10527538
10527839
10527883
10531827
10531930
10532058
10532240
10532712
10533073
10534814
10534905
10537537
10538996
10541051
10545543
10545637
10545768
10545808
10545878
10546047
10546191
10553479
10553821
10554096
10564829
10565095
10568058
10578448
10579093
10580051
10585299
10590955
10596941
10602209
10603384
10603455
10606238
10607085
10607173
10607871
10615230
10615727
10620182
10621677
10622260
10624598
10626649
10627391
10627502
10634141
10634380
10634714
10636814
10636950
10638215
10640598
10642847
10643224
10643910
10664168
10664525
10667751
10668137
10668285
10676063
10676408
10678885
10678997
10680609
10680705
10692849
10695831
10698196
10698362
10700846
10701553
10701928
10702701
10702819
10703408
10706104
10706190
10706380
10706394
10715954
10719726
10719863
10720043
10720369
10721699
10723481
10723588
10728128
10728452
10728644
10731338
10738782
10738929
10738942
10739125
10740842
10741993
10744442
10745969
10746000
10747469
10748494
10749717
10749800
10749820
10754360
10754576
10754723
10754938
10757051
10757954
10758863
10759434
10759619
10760999
10763795
10766764
10766898
10767535
10767612
10769332
10770057
10771488
10771583
10771598
10771693
10772080
10772240
10774654
10774747
10776117
10776304
10779061
10782174
10790311
10792626
10792744
10799008
10802136
10802283
10802291
10807241
10818555
10823153
10832272
10841489
10841625
10844385
10854456
10854545
10856735
10861787
10861834
10861958
10864127
10864620
10864775
10864810
10865156
10866167
10866754
10869137
10869163
10869279
10869286
10871858
10872058
10872191
10873811
10876141
10881870
10882042
10898129
10898347
10898989
10899942
10904398
10906787
10907745
10907831
10910599
10910681
10913221
10916358
10916938
10917058
10923842
10923943
10923996
10924626
10925163
10927973
10932164
10933442
10936375
10936833
10936911
10940651
10948031
10948126
10950464
10950978
10953932
10954048
10954150
10955232
10963126
10963278
10964329
10964337
10964426
10965654
10966809
10966878
10966938
10967025
10967033
10972969
10973321
10974533
10974663
10987062
10987570
10992119
10992291
10992386
10992870
10993063
10997233
11000865
11008251
11016881
11022055
11023534
11024572
11028246
11028445
11034615
11038373
11038586
11038901
11041523
11041688
11041816
11041939
11044829
11053449
11053750
11053883
11054189
11054388
11058160
11058267
11065934
11066082
11068674
11069977
11070087
11070209
11070876
11071061
11075181
11075284
11075476
11076931
11077027
11082226
11082275
11082433
11082710
11088816
11093373
11093501
11097500
11097595
11097845
11099046
11101479
11101558
11101635
11101723
11109420
11121154
11121377
11121472
11128442
11128697
11129493
11130106
11133065
11135209
11135344
11135393
11135583
11135727
11138239
11138555
11143919
11144039
11144272
11149034
11159426
11159902
11163577
11163728
11163945
11169021
11169036
11169244
11171904
11172018
11172224
11177701
11186830
11198512
11205497
11208176
11223223
11224205
11225579
11225674
11225938
11226060
11226190
11226374
11227638
11227685
11227778
11227900
11228610
11229558
11229631
11229916
11235810
11237989
11238682
11241491
11242527
11244437
11244533
11244659
11245039
11245347
11245477
11245683
11246052
11248681
11248861
11250543
11257536
11257880
11260993
11261078
11262867
11263031
11263212
11263544
11269729
11269963
11270234
11270326
11274322
11274998
11275100
11275204
11275308
11275802
11278062
11278656
11286863
11287505
11287611
11290856
11290955
11294315
11294323
11294511
11295094
11295428
11295484
11297273
11299109
11301048
11302367
11302665
11303158
11303257
11303728
11323573
11328929
11328940
11329108
11331525
11331650
11331674
11331687
11333871
11337508
11337620
11344712
11347017
11348874
11348927
11349023
11351781
11352658
11355549
11356208
11361348
11361625
11365322
11367950
11368008
11368249
11368492
11368551
11368598
11374060
11374178
11374320
11380642
11380829
11383412
11383638
11387453
11389428
11390171
11393788
11395513
11396376
11397921
11398017
11401546
11406554
11406791
11406966
11407029
11408428
11408515
11408692
11408788
11408952
11411438
11411646
11421239
11426630
11426897
11434208
11445330
11445758
11445793
11445962
11454187
11454362
11467480
11470029
11470408
11476147
11476705
11480702
11481286
11491191
11491344
11492725
11492864
11493206
11496246
11496391
11496472
11498487
11501716
11512223
11516807
11522334
11522435
11522831
11522943
11523382
11525712
11525891
11530063
11530540
11530692
11530943
11531174
11532355
11536476
11536487
11536873
11537076
11539830
11539945
11540520
11540753
11540942
11544638
11544887
11545681
11546112
11546623
11557780
11557801
11569364
11571943
11572096
11572233
11572366
11572686
11573794
11580959
11581070
11581237
11586708
11586826
11587043
11588406
11588642
11588799
11590299
11592076
11594315
11609375
11609609
11610552
11611701
11614093
11614244
11615057
11615305
11615865
11619114
11619186
11619302
11619679
11619983
11625009
11625282
11629184
11630961
11631446
11633303
11633778
11635292
11637332
11639423
11639509
11639610
11640203
11640518
11640697
11640969
11642712
11643235
11647858
11647953
11648084
11648189
11654176
11658005
11658863
11660282
11660400
11661359
11661429
11661527
11661615
11661858
11661946
11662026
11662094
11664399
11664472
11669109
11669653
11670045
11674680
11674840
11678257
11678564
11691997
11692305
11692314
11692402
11692491
11692502
11692541
11692691
11697294
11697395
11703991
11705647
11705778
11706223
11710990
11712535
11715390
11715563
11717205
11717291
11717383
11722559
11723132
11724523
11727743
11731325
11731510
11732187
11733561
11740595
11743555
11743680
11744133
11748991
11752765
11756209
11756308
11760320
11760406
11760448
11760628
11763187
11763365
11769937
11770061
11770350
11771459
11771858
11771863
11771879
11771888
11772050
11774176
11777661
11788534
11788695
11795335
11795871
11796019
11796172
11797197
11797658
11799819
11806011
11806108
11806283
11806760
11812023
11812178
11812889
11812992
11813111
11813125
11815999
11820112
11822284
11822461
11823060
11824529
11824641
11826257
11831135
11831602
11831749
11832170
11834157
11837628
11837722
11837986
11838084
11838491
11838761
11838986
11839387
11840990
11841957
11843344
11843486
11848600
11850105
11850211
11851202
11851299
11855998
11856101
11856197
11858228
11858676
11861066
11862829
11862896
11863171
11864124
11864195
11864271
11864379
11867498
11869470
11871069
11878777
11879354
11883463
11884794
11885721
11885875
11886038
11889211
11890028
11890430
11890584
11890706
11907814
11911112
11911214
11911260
11918726
11918857
11918947
11921629
11923398
11925330
11925695
11928047
11928729
11929186
11931292
11931983
11932097
11932577
11939073
11939291
11949298
11949710
11953564
11957002
11962297
11962483
11965838
11975711
11976422
11980143
11982746
11982939
11987346
11989726
11991167
11994614
11994798
11995483
11996138
11997304
11997479
11999409
11999501
12000672
12002923
12003986
12004134
12004303
12009218
12009311
12011795
12012771
12013726
12013855
12013997
12014646
12014749
12016063
12016250
12016766
12017433
12017880
12019854
12020093
12020394
12020458
12020554
12020976
12022960
12023040
12023136
12025518
12026676
12026750
12027889
12029264
12031163
12032307
12032761
12032881
12032908
12033467
12037782
12038512
12038937
12039064
12040712
12045063
12047265
12047357
12047686
