1
5204
5631
6902
7059
7204
10114
23131
25876
27025
29522
31281
31384
36142
36411
36769
37878
38663
39087
39158
49001
49091
49352
54887
58160
58297
62483
71655
71768
78253
80137
80235
80346
95955
96004
98927
99114
107757
110584
111438
113381
118033
119637
119651
121690
123541
124396
124794
130861
131217
131255
133145
133247
133306
133371
133548
135458
135598
135685
135722
136005
137499
137691
137895
139473
139547
139586
139771
139794
139973
140166
141063
141235
141339
141562
141798
142066
142513
143410
143436
143517
143567
143909
144973
145371
145448
145455
145973
146152
146404
146753
147484
148097
148844
149878
150384
150490
150703
150983
152039
152406
153313
153629
153884
153931
153949
154427
154432
154587
154759
154978
155256
155888
156149
156200
156329
156679
156916
157165
157249
157659
158551
158621
158675
159176
159249
159403
159626
160572
160593
160690
160884
161172
161211
161437
161704
162614
162687
162947
163057
163207
163387
163514
163573
163893
164541
164605
164939
165137
165231
165422
166902
167501
167606
169159
169335
169816
169820
169966
171451
171883
172068
179138
179578
179692
179858
181106
181186
181322
182732
183512
183885
184150
184211
184550
185695
186519
186780
186890
186951
187113
187227
187389
187786
188007
188071
188171
188344
188766
189470
189518
190534
194582
195433
195495
195707
196510
196593
198525
199005
199071
200010
200042
201227
201791
203440
203566
203775
204092
204106
204387
204394
204408
204408
204780
206045
208946
209036
209089
209163
209169
209184
209326
209347
210866
211332
211494
211786
211797
211877
211899
212002
212511
213912
214996
217000
217548
220512
220736
222387
223675
225251
225395
225594
226156
226509
227788
230929
230977
231722
231767
232034
232671
233224
233313
235552
238154
239210
240777
244293
247264
249380
253202
253760
254461
262842
264650
267361
267452
267852
267992
281369
281804
282505
283648
283777
287615
287833
288979
289088
289178
289369
290445
290778
290949
293634
293746
293875
294186
295614
295711
295882
296266
296339
296484
296853
298092
298456
300117
300450
300639
300820
301311
301766
305186
305533
306788
306890
308742
309672
309727
310133
310502
310582
312292
315394
317288
319247
323078
323822
330979
331163
331385
332875
333308
333605
333754
334001
334264
338334
342224
342299
353865
354143
356968
358387
359054
359430
362613
364216
369645
369991
370466
372643
374304
374417
375087
379295
380208
381888
383346
383482
388005
390737
393403
393943
394020
394444
398428
398463
398573
398722
398760
399031
404311
404366
406985
407616
410539
414920
416485
416569
417365
418508
418677
421763
423446
425892
430575
431009
433626
434751
435554
435675
437435
439018
442007
444297
444735
444906
448372
448758
449791
449967
452190
452203
452446
452563
453301
454085
455876
455949
456564
457670
462295
462608
462835
463722
466270
466367
466750
471515
472252
472442
472453
472714
473391
474135
474236
476006
476453
480001
481028
484082
484192
484672
484735
485046
488603
488865
489180
491002
491090
491419
492271
492569
496272
496483
498763
499012
499087
499386
502392
505216
505789
505856
506159
508106
510355
510503
510610
511235
511315
512862
512993
513100
513341
513553
513641
514027
516965
518645
518737
519441
519634
520963
520984
521107
521169
521173
521344
521639
524210
525703
528515
529302
535051
535305
536986
543489
543803
543915
544119
544157
544556
544636
546134
546606
546696
546845
549228
549372
549637
549887
553498
554578
554637
554812
554958
560452
560741
561006
563763
565633
565725
566260
566374
569963
572371
572798
574830
575185
578769
579139
579460
579529
579856
580047
583598
583976
585269
586231
586307
586781
587112
587255
587390
591638
591986
592049
592361
596533
596668
598082
598880
601867
603064
603193
604703
608386
608471
609540
620278
624145
626466
626568
626935
627080
627305
637712
641256
645858
646134
651984
652488
652586
665000
666508
666958
668500
671239
672510
679729
683365
687632
687660
691001
691297
692915
693855
694106
694182
694372
694404
696020
697506
697580
699103
699540
700639
700689
700785
701049
708810
708884
709057
709986
711058
713426
714742
721323
727114
727913
728021
730392
730891
731069
731106
731435
731580
731724
733510
733699
734203
735161
735920
736292
737691
738129
738484
738625
738727
738796
738872
739026
739225
739347
739620
740119
740355
740608
740876
740982
741140
741296
741751
742409
742533
743400
743688
743721
743734
743901
744184
744530
745224
745850
745886
746129
746205
746364
747358
747398
747578
747587
747680
747869
747997
748401
748631
748852
750109
750190
750210
750779
751880
751955
752556
752628
753364
753525
753699
754038
754273
755417
755498
756024
757246
758014
758167
758228
758493
759524
759641
759652
760024
760539
761129
761213
761226
762545
762750
765743
766159
767433
768776
769080
769302
769851
770648
774598
787049
787975
789224
789747
790620
794065
801282
802243
802414
802914
803248
803417
805048
805113
805171
805676
808697
809668
809752
810316
810585
811516
812171
815137
818001
820244
820409
820929
821127
821293
821599
822913
823119
825737
826086
826224
837633
837722
837868
838092
840983
848351
848440
851557
851682
852355
857967
864330
864669
865087
865458
865813
866641
867442
867617
869573
871487
873850
873963
874485
874808
874848
876351
876602
877262
877537
878685
878980
879058
880282
880604
881841
882679
882710
882807
883177
883866
883914
884580
884762
884911
885000
885542
885759
886528
886689
887500
887944
888113
888217
888730
888770
889975
890635
891411
892701
893318
893979
894046
894331
894492
895981
896397
897366
898967
899331
899637
900875
900924
901402
902216
902511
902600
903039
903237
903962
904932
905357
905611
905862
906386
907903
907985
908135
908260
910960
911122
911194
912173
912940
913132
913330
914297
914906
915209
915537
917492
917759
918250
918259
920721
920861
921150
922142
925811
925874
928328
929470
930074
930300
931329
931574
932487
933616
933846
934917
934991
936207
937639
937717
938049
939227
939997
940036
940251
940435
941951
942716
942859
943137
943457
943656
944383
945002
946455
946564
946795
947140
952787
953673
954613
954686
955871
956334
957091
958193
958310
958410
960252
960364
960493
960674
961480
961600
961781
962466
963329
964116
964386
965392
966537
966816
966913
967630
967703
968547
968607
969590
970027
970387
970538
970705
970726
970850
970903
971086
971100
971287
971432
971469
971644
972986
973398
975237
975302
975440
975772
975834
976125
976207
976469
976623
976698
976918
977529
977605
978018
978063
979308
979823
980471
980587
980805
980932
981600
981896
981992
982010
982269
982290
982648
983717
984070
984803
984821
985540
985871
986400
986701
987148
987551
987687
987810
988359
989281
989507
989889
990070
990239
990314
990840
990925
991072
991283
991804
993550
993616
993679
993708
993769
993934
994191
994286
994415
994457
994602
994986
995043
995182
995296
995432
996149
996181
996307
996524
996821
998112
998238
998301
998474
998524
998630
999156
1000055
1000564
1000632
1001145
1002116
1002174
1002885
1003440
1003451
1004152
1004285
1004863
1004898
1004988
1006545
1006926
1007122
1007185
1007421
1007441
1008938
1009007
1009243
1009547
1009896
1009971
1011393
1011416
1011733
1011812
1012075
1013310
1013745
1015162
1015585
1022528
1022640
1024555
1024812
1026567
1026648
1026726
1027573
1027616
1030867
1031657
1049895
1050355
1050455
1052492
1053189
1053969
1056384
1056542
1057491
1058583
1058666
1058750
1058854
1059536
1059731
1060882
1061489
1063491
1063625
1063634
1065037
1066010
1066451
1067270
1067344
1067903
1068001
1069027
1069201
1069428
1069555
1070380
1070488
1071031
1073301
1073486
1074807
1074940
1075031
1075184
1075404
1076314
1077086
1078389
1078989
1079607
1079739
1079898
1080115
1080215
1080278
1082149
1082589
1082618
1082902
1083153
1083347
1084308
1084873
1085380
1085393
1086003
1086929
1087313
1088134
1090997
1097748
1097884
1098062
1098209
1098969
1099238
1099388
1099412
1102593
1106994
1107796
1112717
1112790
1114582
1117265
1117776
1118267
1118635
1120216
1120299
1120322
1124665
1129407
1130669
1137348
1141760
1141848
1142136
1164707
1164841
1164952
1170384
1170495
1179285
1181206
1181295
1183604
1184343
1184618
1186820
1187568
1187610
1187678
1187709
1192187
1193060
1197101
1197775
1197907
1198174
1198343
1198537
1201697
1201729
1201798
1203095
1204981
1205600
1209502
1212869
1212880
1212891
1212951
1212971
1213085
1214336
1220061
1220148
1227608
1227834
1227867
1228146
1228447
1228704
1228958
1229442
1233152
1234634
1234634
1235384
1235724
1236276
1236338
1236351
1236362
1236532
1236617
1236877
1238104
1238214
1238354
1238686
1241507
1245441
1245547
1245698
1245713
1247991
1248925
1249437
1249728
1254291
1256128
1256247
1263354
1264362
1274677
1278043
1278170
1282301
1282370
1282547
1288229
1288327
1291333
1291423
1291452
1291533
1291595
1291643
1294650
1294725
1295120
1296961
1297080
1297328
1297369
1297479
1297892
1298034
1298244
1298638
1298860
1302555
1302641
1303450
1303529
1307160
1307239
1308193
1309022
1309090
1309613
1309673
1310029
1310190
1310380
1310387
1310484
1310913
1317025
1317443
1317537
1317924
1325135
1325145
1325272
1325304
1325397
1325545
1325626
1338856
1344026
1344250
1344392
1344535
1344671
1350288
1350798
1353039
1353128
1357492
1357547
1358244
1358960
1359092
1364302
1366360
1366832
1366945
1367061
1367696
1367947
1368771
1368900
1369393
1370107
1370173
1370254
1372168
1372274
1372443
1372590
1372655
1372808
1373113
1373307
1373659
1374877
1375451
1377304
1377563
1379570
1383128
1384692
1386498
1388544
1389291
1389951
1393539
1395376
1397003
1397186
1397365
1397550
1398182
1399626
1400056
1400918
1400931
1401777
1403741
1404776
1406623
1406844
1409974
1410348
1412226
1412485
1412622
1413974
1414063
1416537
1417043
1417052
1417157
1418394
1419002
1421342
1421428
1423830
1424238
1424916
1429280
1430344
1430458
1431909
1432685
1432892
1436226
1436283
1436348
1436419
1436648
1436950
1437349
1437468
1437678
1438327
1438417
1438588
1438678
1438779
1438902
1440243
1440299
1440502
1440652
1442035
1442305
1442483
1443205
1444352
1444410
1444438
1444511
1444718
1444804
1445077
1445502
1446730
1446793
1446829
1446870
1446943
1449257
1449345
1450518
1450598
1450778
1450788
1451098
1451679
1451745
1451751
1451833
1452033
1452460
1453498
1455154
1456752
1457378
1457621
1458127
1459002
1461165
1463366
1463579
1464724
1467308
1467501
1467506
1467790
1467991
1469001
1470073
1470385
1470406
1470612
1471284
1472410
1472448
1472688
1473560
1473709
1474488
1474717
1474891
1474917
1475867
1475942
1476772
1477172
1478160
1478330
1478790
1479106
1479728
1479840
1480163
1480451
1480472
1481015
1482132
1482406
1482683
1482756
1482823
1482924
1483186
1483527
1483883
1484163
1484322
1484629
1485240
1485519
1485537
1485761
1485783
1486093
1486136
1486871
1486994
1487285
1488834
1489478
1489568
1489843
1490368
1490658
1490714
1491949
1492197
1492555
1492590
1492721
1492775
1493259
1493331
1493404
1493555
1494433
1494703
1494871
1495092
1495187
1496583
1496692
1496973
1497083
1497375
1497489
1497525
1497792
1498894
1499427
1499531
1499820
1500320
1502421
1503907
1504070
1505006
1505262
1505458
1506902
1507819
1507905
1511934
1512043
1512974
1513086
1513963
1514998
1515119
1515347
1515391
1515617
1517322
1518822
1519713
1519951
1520042
1520813
1521785
1521979
1523085
1523464
1525178
1526041
1526146
1526311
1526660
1526837
1526939
1527062
1527673
1528162
1528238
1528257
1528323
1528438
1529402
1529486
1530269
1530307
1530662
1530790
1530922
1531284
1531331
1532583
1533134
1533468
1533588
1533656
1533864
1534110
1534162
1534343
1534614
1535375
1535454
1535530
1535935
1536116
1536993
1537064
1537107
1537451
1537808
1537973
1538101
1538798
1538982
1539015
1539536
1539596
1539678
1539850
1540607
1540754
1542077
1542204
1543403
1543413
1543581
1543689
1544296
1544375
1544651
1545290
1545425
1545470
1545663
1546228
1546317
1546803
1547808
1548777
1549313
1551661
1551971
1553509
1554036
1554246
1554700
1555901
1557290
1557349
1557900
1557971
1558348
1560489
1560549
1562787
1562865
1563449
1564707
1565542
1565778
1565947
1566702
1566747
1567121
1567271
1567606
1568838
1569560
1569999
1570101
1570228
1570624
1571273
1571431
1572035
1572126
1572468
1573264
1574691
1575738
1576293
1576732
1577100
1578398
1580506
1580818
1581114
1581966
1582275
1582397
1583779
1584046
1584258
1584882
1586561
1586620
1587301
1587518
1588118
1588268
1588611
1588874
1589005
1589504
1590071
1591202
1594166
1595226
1596792
1596863
1597816
1599370
1599510
1600975
1602347
1605634
1605751
1610374
1617894
1626713
1629440
1630010
1632298
1637867
1638248
1638362
1640062
1643275
1644291
1645348
1647463
1649524
1650556
1651647
1652295
1653320
1663742
1669252
1669594
1669787
1670016
1673479
1674120
1676524
1678572
1680911
1681120
1681248
1683297
1683667
1684212
1687207
1687786
1688159
1688362
1688651
1689391
1689872
1690894
1691356
1697887
1698030
1700918
1704544
1704720
1704944
1705123
1705686
1707313
1707698
1707777
1707807
1709761
1709816
1709857
1710281
1711868
1712568
1712660
1714778
1714951
1716917
1717321
1717566
1718050
1719510
1719587
1720130
1720639
1724182
1724475
1726152
1726394
1728398
1729062
1729178
1729482
1729598
1730173
1732350
1732425
1733081
1734092
1734235
1735195
1738931
1739959
1740126
1741031
1741894
1741909
1741942
1742243
1742505
1742552
1742574
1742785
1744316
1744331
1744497
1744497
1744632
1744924
1745103
1745191
1745206
1746327
1746622
1746668
1746757
1746864
1746877
1748069
1748627
1748788
1749095
1749125
1749146
1749246
1749269
1749590
1749619
1749620
1749726
1751037
1751937
1752587
1752754
1753176
1753210
1754540
1754604
1754614
1754628
1756936
1757214
1757594
1757602
1757616
1757617
1757921
1757932
1757945
1758104
1758743
1760029
1760129
1760136
1760150
1762237
1763016
1763030
1764546
1764600
1766132
1766605
1767918
1768673
1768816
1772720
1774884
1775064
1776931
1781095
1781710
1782904
1784160
1784269
1784699
1784746
1785847
1791282
1791401
1791544
1794924
1795220
1795307
1795365
1795571
1795593
1796032
1796204
1796286
1796534
1806268
1806422
1807583
1807710
1807759
1807958
1809883
1809966
1810457
1811898
1812681
1813103
1813233
1813293
1814311
1814918
1816968
1817184
1817429
1818382
1819041
1819228
1819398
1820183
1820379
1820483
1821811
1821958
1822108
1823693
1823773
1823981
1824190
1824410
1824527
1824753
1825202
1825490
1825601
1825769
1825935
1826090
1826330
1827429
1827596
1827683
1827771
1828063
1828887
1829183
1829568
1829674
1829892
1830491
1830751
1831260
1831819
1832132
1832263
1832695
1832912
1832947
1833935
1834011
1840634
1840973
1841426
1841751
1841855
1842576
1843451
1847269
1847737
1849166
1849319
1849429
1853180
1853232
1855914
1856017
1856482
1857801
1858135
1858650
1858706
1860228
1861702
1862527
1864586
1864982
1866221
1866483
1871468
1871670
1871801
1872170
1874118
1874146
1878106
1878359
1879401
1880812
1884823
1887175
1887988
1888121
1888272
1889997
1890107
1890405
1890534
1891157
1891591
1892155
1894137
1894718
1895905
1896410
1896972
1897015
1897050
1897145
1899943
1900355
1903536
1903853
1905505
1905638
1905740
1905857
1906005
1906044
1908075
1911676
1912390
1914341
1918257
1918257
1921471
1926717
1929439
1939088
1939210
1939474
1943332
1944784
1944853
1945364
1945419
1945556
1952451
1954854
1954953
1955017
1960698
1962253
1964921
1965378
1965506
1966879
1967031
1967584
1967787
1968092
1968991
1970273
1970796
1972223
1972451
1972598
1975230
1975476
1977457
1977546
1977833
1978008
1978932
1979391
1981725
1981914
1982220
1982282
1982417
1983661
1983966
1986241
1989450
1990196
1990582
1990662
1991086
1991173
1992775
1993152
1993295
1993566
1993660
1993945
1998566
1999761
1999887
2001019
2003963
2005614
2006439
2007583
2008294
2008773
2009102
2009182
2009286
2009974
2010527
2010588
2010815
2013110
2015671
2015996
2018969
2019471
2021193
2021358
2022439
2022532
2023781
2024258
2027508
2028446
2031159
2032864
2034049
2034232
2034924
2038964
2039093
2039180
2045124
2045236
2051581
2052434
2052473
2052616
2052709
2052843
2053051
2053146
2055116
2057530
2057633
2058018
2060894
2061047
2061550
2063403
2063681
2064657
2064908
2065030
2065637
2065706
2067349
2067456
2069560
2069660
2069691
2070510
2070676
2071228
2071749
2071917
2071939
2072220
2072368
2072511
2073359
2073667
2073900
2074230
2074271
2074610
2074688
2075265
2075384
2075470
2075738
2077184
2077384
2078292
2081087
2082334
2082451
2084242
2087453
2088205
2088311
2088574
2088775
2088975
2093005
2093143
2093638
2096336
2096942
2098654
2099170
2101081
2101441
2101715
2103584
2103706
2103838
2103985
2104082
2104494
2104556
2104980
2105082
2105249
2105764
2106338
2107329
2109694
2109815
2110005
2110622
2110708
2110877
2112870
2116001
2116225
2116461
2116521
2118046
2118300
2119026
2119208
2119630
2119831
2123202
2123363
2123689
2125515
2125679
2126667
2127827
2127902
2128386
2128649
2129023
2129096
2129175
2129266
2130014
2130129
2130235
2130404
2131381
2132415
2132689
2133527
2133619
2134164
2134256
2134525
2134624
2136549
2136718
2136731
2136999
2137088
2137117
2137827
2138298
2139220
2139404
2139425
2139596
2139717
2141270
2141464
2141866
2142223
2142478
2142587
2143084
2143376
2143899
2145113
2145455
2145618
2145827
2145891
2146072
2146749
2147857
2148089
2148234
2148313
2149199
2149494
2150016
2150068
2150129
2150796
2151019
2151098
2151110
2151286
2151743
2151932
2152276
2152281
2153158
2154517
2154593
2154844
2155536
2157235
2158433
2158648
2159416
2159924
2160064
2160323
2160890
2162827
2162872
2162960
2163686
2163914
2164254
2164367
2164812
2165247
2167005
2167329
2167405
2168361
2168558
2169052
2169287
2170218
2170248
2171263
2171581
2171591
2171648
2176831
2177194
2177307
2180337
2180461
2185273
2187286
2190326
2193544
2195123
2196163
2196943
2197714
2198120
2198412
2198527
2198622
2198942
2199105
2199817
2202843
2202849
2204975
2205678
2206353
2206430
2206604
2206626
2206706
2206896
2207756
2208383
2208489
2208524
2209038
2209659
2209755
2209940
2210314
2210466
2210771
2211376
2213074
2213321
2214234
2215236
2215652
2217687
2226310
2228316
2230016
2230883
2231096
2233057
2233199
2235721
2237367
2238456
2238894
2239016
2246579
2248914
2249048
2253974
2255051
2255095
2255402
2255527
2256340
2257470
2257713
2257731
2257976
2258376
2258410
2258415
2259983
2260023
2260130
2260270
2261403
2261489
2261724
2262390
2262666
2262967
2264751
2264879
2265029
2265492
2265539
2267723
2267889
2267940
2268055
2268521
2268563
2268596
2269139
2269145
2269522
2269672
2270822
2271747
2271847
2272041
2273645
2273939
2274173
2276729
2276834
2277349
2279422
2284428
2284688
2286633
2290775
2291728
2291795
2291811
2292616
2296731
2297216
2297369
2297572
2299606
2302030
2302969
2303166
2303555
2303899
2305130
2305402
2306107
2308026
2311401
2311500
2311607
2311702
2313010
2314378
2314859
2314880
2314880
2316587
2318142
2318225
2318477
2321906
2322044
2322744
2325328
2325549
2325616
2325924
2326152
2326253
2326613
2328489
2328901
2329097
2329341
2335284
2335294
2336669
2337640
2339358
2340478
2340610
2341551
2341685
2341686
2342193
2343141
2343651
2343663
2343790
2343956
2344168
2344266
2345981
2346337
2346495
2348822
2350488
2355424
2355496
2355773
2355939
2356101
2357037
2357241
2357382
2358741
2359109
2359164
2368562
2368674
2368853
2373815
2374242
2377295
2380087
2382394
2382907
2383233
2384081
2386251
2386296
2386309
2386432
2389522
2391166
2391463
2391565
2393107
2396792
2397386
2397472
2397834
2399593
2400718
2401384
2401533
2405739
2406069
2406251
2407945
2410018
2416314
2419504
2419634
2419829
2420505
2429950
2431285
2434530
2434649
2436567
2440119
2446525
2447467
2448439
2448573
2450503
2452162
2457102
2458152
2458330
2459488
2459699
2460694
2461028
2462872
2462944
2462958
2463131
2463632
2464377
2464397
2468914
2469378
2476571
2476664
2477195
2477238
2480846
2486378
2491247
2491324
2491466
2491655
2492316
2492490
2495274
2495932
2496009
2498611
2498694
2499825
2499900
2502159
2503140
2505748
2505997
2506301
2510231
2510617
2512307
2517478
2517915
2525672
2525782
2525918
2530574
2530612
2530714
2530719
2534084
2534858
2534871
2535667
2535738
2539379
2539493
2539989
2540181
2540213
2540327
2544564
2544658
2544846
2545008
2552652
2553183
2556379
2556438
2556534
2559312
2559518
2559631
2559751
2559786
2560128
2569664
2569877
2570455
2570647
2570926
2575224
2576050
2576308
2577595
2579035
2579639
2581021
2581361
2581844
2581966
2583177
2583376
2584865
2585374
2585465
2586049
2586297
2586526
2586710
2586725
2586945
2586955
2588002
2588177
2588601
2588953
2589558
2590051
2590158
2592180
2592265
2592315
2593104
2593416
2593454
2594944
2595227
2595690
2596072
2596638
2596733
2597153
2597281
2598121
2600759
2600841
2600943
2601054
2602293
2602327
2602462
2603493
2604030
2604433
2604445
2604617
2605568
2606659
2608686
2608844
2609260
2609706
2609739
2609997
2610988
2611111
2613513
2613654
2614704
2614820
2615269
2616040
2616414
2616734
2617067
2617438
2617659
2617771
2617994
2618122
2618206
2618351
2618472
2618615
2618801
2619051
2620728
2620942
2621884
2621987
2622689
2622810
2623060
2623234
2623309
2623402
2625546
2626215
2626681
2626799
2629208
2629324
2629925
2630020
2630200
2630426
2630563
2630614
2632149
2632484
2632626
2632878
2635139
2640197
2640370
2653771
2655068
2662775
2662858
2666896
2667331
2672393
2672792
2675299
2675920
2676024
2677252
2677438
2677886
2678018
2678244
2678291
2679462
2679585
2680838
2681697
2681777
2682267
2682355
2682552
2682721
2683243
2683569
2683686
2684920
2686749
2686915
2687130
2687829
2688423
2688505
2688887
2688925
2688993
2689211
2689394
2689664
2691285
2691381
2691607
2691795
2694565
2694814
2694972
2695252
2695392
2696568
2697478
2697552
2697768
2698712
2698775
2699035
2699059
2699225
2699479
2699838
2701007
2702089
2702335
2703208
2703509
2704087
2704295
2704837
2705403
2705874
2707290
2707414
2707575
2707585
2707665
2707680
2707787
2707890
2708255
2708595
2709825
2710285
2710330
2710911
2712701
2713067
2713167
2714989
2715167
2715206
2715721
2715814
2716059
2717744
2717836
2719749
2719766
2719841
2720275
2721044
2723322
2723509
2725653
2726214
2726324
2726603
2726662
2726786
2727037
2727962
2728215
2728312
2728831
2728978
2729069
2729184
2729263
2729349
2729433
2730432
2731259
2731362
2731521
2731670
2732258
2732520
2732567
2732606
2732917
2733055
2733485
2734203
2735263
2735280
2735375
2735385
2735419
2735453
2735736
2735845
2735976
2737117
2737178
2737445
2737460
2739627
2740411
2740780
2741916
2742225
2742519
2742590
2742610
2742919
2744872
2745225
2746706
2747234
2748308
2748418
2748628
2748726
2748963
2750045
2750154
2750869
2751219
2751477
2753034
2753473
2753556
2753757
2756715
2757283
2762263
2762965
2767723
2769847
2770008
2771826
2772411
2772448
2774113
2774940
2775020
2775362
2775694
2776117
2779718
2780054
2780763
2782117
2784273
2785672
2786552
2787600
2787645
2787709
2787766
2788186
2788229
2789838
2793755
2794103
2797840
2798227
2798282
2798894
2800624
2800719
2800908
2808341
2809160
2811257
2811616
2812833
2813061
2817282
2818887
2819630
2821174
2821850
2823302
2827959
2828514
2828598
2828977
2828998
2829642
2829737
2829931
2833461
2835564
2836084
2836287
2836577
2837974
2837992
2838097
2838127
2838130
2838943
2842739
2845006
2845349
2847197
2847809
2848953
2849091
2849419
2852850
2852923
2852989
2853506
2856052
2859475
2861319
2861630
2861686
2862063
2862348
2862385
2862471
2864408
2864705
2866702
2875050
2875559
2876143
2878216
2878812
2879106
2879884
2885284
2886210
2886449
2886927
2887048
2887443
2887466
2887758
2888555
2888646
2892661
2892827
2893036
2893243
2893497
2895890
2896138
2903781
2903884
2903964
2907614
2912164
2913223
2914636
2920067
2925299
2926866
2926939
2927505
2929978
2930228
2930984
2932368
2933853
2935457
2936090
2939144
2940768
2941580
2943444
2943515
2944092
2944379
2944690
2944919
2945487
2947292
2948810
2954318
2955423
2955943
2956277
2956609
2956754
2959397
2962131
2962237
2963854
2969660
2970024
2970109
2972499
2972633
2972761
2976165
2976820
2978260
2979138
2981806
2982333
2985813
2986285
2990523
2990910
2994927
2995162
2995452
2998934
3006273
3006362
3009725
3010798
3012286
3012679
3013106
3014113
3014338
3015149
3015581
3015751
3016128
3018616
3018931
3019038
3020355
3021874
3022133
3022463
3025687
3026313
3029151
3031931
3032060
3035078
3035192
3038608
3040365
3040436
3040487
3040496
3040508
3041127
3041354
3041367
3042520
3042617
3044460
3044558
3047536
3047888
3050893
3050915
3051780
3052352
3055116
3056754
3059096
3059369
3060191
3061815
3061971
3063208
3063575
3065949
3066362
3069439
3069553
3073708
3073826
3073875
3074294
3076176
3081058
3082481
3083117
3083344
3084580
3084861
3084893
3085216
3093860
3095835
3098751
3101072
3101269
3103864
3104244
3104318
3104443
3104531
3105061
3113856
3113957
3115045
3115191
3117898
3118052
3118177
3118788
3119727
3120251
3120271
3120675
3122598
3124208
3124431
3132760
3135269
3135474
3135533
3135992
3136586
3138660
3138902
3143441
3145620
3145724
3145924
3147075
3147284
3147361
3148875
3151734
3152277
3152903
3156006
3158264
3159204
3160961
3161659
3163358
3163766
3163941
3164138
3164237
3164360
3164500
3164658
3164881
3166863
3167175
3167282
3167418
3169838
3170004
3170118
3171771
3172002
3172027
3172341
3172395
3172418
3172581
3173522
3173723
3173788
3173955
3174484
3174717
3174785
3175625
3175642
3176459
3176469
3176548
3177683
3177885
3178389
3179781
3180131
3180512
3180664
3180790
3181742
3181813
3185056
3185986
3186659
3186709
3187019
3187310
3188099
3188744
3190962
3193901
3193993
3194694
3194722
3201203
3201929
3201960
3202089
3202985
3203396
3203526
3204360
3205156
3205284
3205310
3207320
3208686
3217011
3217478
3217566
3217642
3221486
3222197
3222229
3222542
3225594
3228899
3229124
3229197
3229773
3229946
3235886
3237944
3238099
3239256
3241201
3242445
3242527
3243372
3245603
3245819
3246960
3247071
3247510
3247584
3255226
3255413
3256331
3256359
3257527
3261521
3265926
3266619
3267772
3267908
3271683
3271743
3281454
3282084
3285019
3285647
3287745
3287845
3288019
3288250
3288412
3289376
3289388
3292863
3295982
3296152
3298529
3302332
3302467
3302637
3302986
3303553
3303668
3304284
3304328
3304381
3304392
3304438
3304488
3304502
3304575
3304601
3304659
3305139
3305298
3305461
3305589
3305643
3305695
3305801
3305995
3306119
3320129
3325729
3325881
3326127
3333186
3335701
3339752
3341464
3341552
3343737
3343915
3345744
3346266
3348113
3348552
3350266
3351053
3351237
3360808
3360832
3363634
3365719
3366177
3367365
3368994
3373783
3374067
3375803
3376002
3376040
3376091
3376271
3379506
3379894
3380048
3380102
3385471
3385544
3385655
3386977
3386997
3387086
3387632
3387724
3389284
3389399
3390210
3394369
3395385
3395703
3395767
3396086
3396138
3396524
3396561
3397556
3397653
3397958
3398090
3398272
3398457
3399698
3399833
3400051
3400186
3400244
3400314
3402326
3402353
3402888
3405185
3405522
3405613
3407820
3407941
3408066
3408319
3408513
3409279
3411599
3415258
3415632
3415773
3416223
3416326
3419006
3421700
3421824
3421978
3423559
3424756
3424864
3430713
3431050
3431239
3431825
3431837
3431979
3437057
3437236
3437682
3440220
3442340
3443093
3443871
3444082
3444810
3446504
3446636
3446719
3447320
3450706
3453788
3454922
3456649
3457931
3458268
3458434
3461541
3465945
3467897
3468634
3468710
3469614
3470720
3472717
3473655
3473970
3474806
3474872
3474961
3476940
3477100
3477236
3477399
3477449
3477621
3477715
3477913
3480252
3480284
3480412
3480534
3480607
3480726
3480794
3482396
3482461
3482544
3482844
3482993
3483036
3483691
3485179
3485252
3485873
3486268
3487646
3487809
3490388
3490681
3490731
3490845
3491068
3492766
3492927
3493023
3494661
3495091
3495313
3495324
3495391
3495610
3496414
3496495
3496788
3496880
3496944
3497188
3497276
3497620
3497741
3498464
3498518
3498672
3499075
3499445
3502052
3502147
3502411
3502483
3503151
3506156
3506252
3506751
3506889
3508210
3508369
3508754
3508873
3509030
3512799
3515729
3515992
3517390
3517845
3518487
3518995
3519942
3520082
3524302
3527591
3527730
3527870
3528553
3528681
3528760
3529447
3529553
3529873
3530102
3530569
3530692
3530998
3532547
3532891
3534549
3534667
3534926
3536016
3536028
3537691
3539034
3539487
3542602
3544116
3544447
3545278
3547299
3558612
3558698
3558944
3560864
3562967
3564775
3564815
3565136
3567490
3573121
3575381
3582915
3583273
3584690
3584842
3587062
3587293
3587887
3587905
3590149
3593781
3596533
3597392
3602574
3602952
3606648
3607297
3607347
3613731
3613778
3614189
3617077
3620111
3620593
3621077
3621544
3623640
3624262
3626907
3627091
3627258
3627352
3627391
3627685
3630002
3633072
3647212
3647297
3653817
3656647
3661232
3661637
3661749
3668725
3669968
3670008
3670158
3670271
3670307
3670801
3670941
3671317
3672144
3675781
3675892
3675992
3676056
3676386
3676516
3678659
3678874
3680022
3680142
3680408
3683889
3684043
3684178
3684294
3687375
3687605
3688156
3689628
3689651
3691036
3695462
3700733
3700852
3702671
3705710
3709178
3709930
3710973
3711126
3711182
3711217
3711275
3711289
3711422
3715460
3715525
3715835
3716010
3716139
3717812
3725062
3725354
3725462
3725489
3725588
3725782
3725890
3726003
3726510
3726799
3730282
3731003
3731481
3731674
3732607
3732829
3733107
3733221
3733449
3734889
3738134
3738602
3740759
3746342
3746465
3746720
3746874
3747531
3750273
3751670
3752672
3753340
3753635
3755334
3755833
3758709
3758779
3759460
3761063
3761171
3761699
3762152
3762165
3762322
3762335
3762386
3762515
3764465
3764739
3765242
3765804
3765837
3778078
3779938
3780259
3785775
3786218
3786447
3786818
3791030
3793719
3794312
3794355
3794421
3795136
3799080
3800899
3800980
3801610
3802071
3804153
3806801
3807115
3808318
3808853
3809333
3809869
3810610
3811512
3815314
3815921
3817306
3817406
3825100
3827702
3827714
3827831
3827984
3830047
3830204
3832276
3832315
3838409
3839216
3843217
3844910
3845216
3846046
3847200
3850004
3850672
3850687
3850744
3850791
3850919
3851171
3851241
3851257
3851873
3852029
3852168
3852188
3852389
3852693
3854661
3854797
3854909
3856023
3856100
3857027
3857061
3857112
3857203
3857241
3858514
3859051
3859246
3860835
3860918
3861139
3861487
3861725
3862142
3862347
3862572
3862840
3864031
3864504
3864623
3864731
3865992
3866067
3866502
3867042
3867055
3868836
3868906
3869181
3869395
3870271
3870542
3870590
3872875
3875567
3879421
3880385
3883269
3883834
3884212
3884795
3884887
3887547
3889448
3889560
3891253
3891323
3891661
3892127
3892221
3892971
3896076
3896901
3897075
3899877
3899991
3901687
3901771
3902000
3902797
3902917
3903275
3903696
3904927
3905107
3905484
3908097
3909732
3911240
3911303
3911787
3915763
3916680
3916762
3921519
3923657
3924619
3925532
3926172
3929254
3929403
3929972
3931409
3932137
3932210
3932691
3932862
3934254
3935665
3935695
3935736
3935765
3935868
3936001
3942136
3942471
3942637
3942846
3943033
3943089
3945105
3945203
3947949
3948023
3948116
3948729
3949458
3949582
3949808
3949883
3950018
3951041
3954892
3955029
3955087
3962289
3962637
3967427
3968203
3968309
3973150
3973366
3973936
3973950
3974152
3974250
3974412
3982146
3985247
3992404
3992564
3993044
3998235
4002807
4003519
4006797
4006921
4008533
4009925
4010452
4011926
4012023
4013994
4014886
4014984
4015099
4015182
4015300
4015416
4015576
4018712
4019541
4020040
4020128
4020155
4026326
4027214
4027220
4030470
4031447
4033708
4043336
4043492
4044261
4044355
4047181
4047298
4048977
4050241
4052530
4052903
4053022
4056253
4058117
4058201
4058331
4058435
4058812
4059187
4060415
4061213
4061291
4062365
4066273
4066391
4066494
4066684
4066830
4066959
4068603
4068775
4068956
4069229
4069448
4069598
4070207
4071262
4071349
4072188
4072232
4073747
4074142
4074325
4074344
4076474
4077982
4078596
4078983
4079190
4080522
4086046
4086934
4087348
4087487
4087529
4087625
4087741
4087951
4088007
4088153
4088582
4088741
4096744
4096764
4096800
4097039
4097068
4098796
4099568
4103194
4104178
4105814
4105853
4105960
4106065
4106318
4108602
4108734
4112525
4112623
4112736
4113493
4114489
4114889
4115058
4117796
4118061
4120201
4120976
4121050
4121173
4121355
4124992
4126176
4127735
4127953
4128109
4129543
4129695
4131778
4131912
4132053
4134244
4134407
4134506
4134587
4135768
4135921
4136674
4137172
4137361
4137532
4139050
4139155
4139262
4139318
4139503
4140381
4140635
4140932
4141134
4142674
4144125
4144298
4144819
4145010
4145064
4146318
4147014
4147861
4148164
4148374
4149749
4149764
4150234
4150678
4150829
4151785
4153215
4153225
4153719
4153870
4153947
4154052
4154102
4154123
4154193
4154515
4155108
4155278
4155408
4155466
4155517
4157637
4160996
4162762
4163066
4163139
4163357
4163467
4163821
4164054
4165337
4166298
4166520
4166750
4168863
4168949
4170940
4171823
4172083
4172127
4172377
4173388
4173629
4174145
4175123
4178910
4181860
4181949
4182078
4182213
4183550
4185993
4186068
4186201
4186469
4187158
4188491
4188667
4189009
4189142
4193592
4196944
4197034
4197217
4197649
4198051
4198184
4198552
4199924
4204736
4204879
4204982
4205112
4205478
4208516
4208559
4208578
4208862
4209012
4209197
4209816
4209892
4211059
4211804
4211876
4211917
4211932
4212934
4213222
4215588
4215636
4215864
4218321
4219004
4219949
4220058
4220245
4220409
4220535
4220915
4221121
4221478
4222636
4222873
4223395
4223881
4225211
4226285
4227089
4227317
4227566
4227721
4229744
4229846
4230069
4230173
4231115
4233127
4233739
4233853
4234001
4235286
4235371
4235979
4236014
4236299
4236351
4236660
4236680
4236687
4237150
4239194
4239276
4239300
4239929
4240110
4240472
4240757
4241650
4244529
4244616
4246746
4248517
4249387
4250485
4250617
4251103
4252078
4252129
4254105
4254347
4254870
4255033
4256596
4256711
4257339
4257347
4259856
4260021
4264168
4265945
4266060
4268799
4268871
4268908
4268984
4269183
4269227
4269303
4269342
4269367
4270530
4270615
4270678
4270878
4271186
4271776
4271887
4273236
4273241
4273438
4275971
4278135
4278304
4278448
4279925
4280297
4282002
4282070
4284079
4284174
4284264
4284432
4286508
4286591
4291164
4291271
4296431
4299048
4299175
4299695
4299830
4301148
4304814
4313511
4314013
4315401
4320176
4320269
4322107
4326235
4333839
4343068
4343091
4346005
4347407
4351592
4369748
4371035
4372300
4372447
4374545
4374715
4374943
4379574
4381491
4383967
4384854
4385118
4385191
4386336
4386434
4386782
4387367
4387438
4388095
4388154
4388219
4389490
4391173
4391479
4391682
4391688
4393654
4398017
4399411
4399974
4402105
4403318
4406959
4407170
4409283
4409935
4410473
4410690
4411578
4416372
4416496
4416648
4418627
4418941
4419021
4419882
4423231
4424910
4426889
4427091
4429472
4432140
4432556
4432755
4434258
4434384
4434950
4437555
4439820
4444057
4444306
4444718
4444850
4450139
4450368
4451197
4451285
4457590
4457802
4458072
4459147
4461432
4462133
4464309
4464723
4464909
4466710
4466856
4468246
4468328
4468338
4468588
4468733
4470350
4471114
4471408
4472270
4472878
4472935
4473058
4474726
4474881
4475052
4476807
4476915
4476943
4476982
4477147
4477896
4478233
4478318
4479991
4480076
4480408
4480476
4480533
4480636
4480727
4480821
4480883
4483675
4483770
4483930
4483940
4483971
4484018
4484098
4485272
4485589
4486322
4486535
4487936
4488104
4488253
4488563
4489030
4490907
4491026
4492641
4493136
4494844
4494881
4495245
4495319
4495347
4497691
4498030
4498316
4498324
4499347
4499554
4499568
4500010
4500160
4500403
4501963
4502473
4503028
4503121
4503373
4505309
4505507
4505805
4508871
4509142
4509880
4511745
4511830
4511895
4512138
4513418
4514692
4515494
4515517
4515610
4515926
4517391
4518000
4518379
4518490
4518687
4519078
4519271
4520537
4521210
4521375
4521809
4522904
4523303
4523769
4525013
4525065
4526253
4526678
4527646
4530370
4530388
4531897
4532929
4533403
4535221
4535614
4537373
4537668
4537895
4538038
4539363
4539495
4541179
4542624
4544465
4548412
4554561
4554887
4555844
4555904
4557820
4558178
4562233
4562273
4562313
4563947
4565401
4565702
4565826
4565854
4568872
4574676
4574810
4580245
4580320
4584384
4587524
4587633
4588421
4588561
4588784
4589942
4590113
4590164
4590414
4590633
4592794
4592955
4593034
4594891
4596175
4596376
4596570
4596732
4597209
4599042
4599800
4599890
4599963
4600095
4603869
4603980
4604301
4604462
4604668
4605165
4605182
4605241
4605571
4606428
4606495
4606615
4606842
4606912
4607972
4608153
4609881
4609951
4610060
4611489
4613926
4614705
4615582
4616450
4616814
4616908
4618475
4618591
4619177
4619453
4620068
4621061
4621174
4621516
4621715
4621860
4622371
4623020
4623052
4624522
4624594
4624766
4625026
4625326
4625637
4626098
4626486
4627531
4628171
4630134
4630168
4630279
4630883
4634032
4636715
4637072
4640648
4643162
4643917
4647159
4649227
4649685
4649790
4651185
4651794
4652292
4660489
4660546
4660584
4660760
4660810
4661044
4661224
4664109
4665533
4665976
4667394
4668477
4668830
4669063
4671886
4672239
4673042
4673066
4674574
4675569
4675749
4676325
4676407
4677779
4679457
4680595
4680664
4681941
4681992
4682028
4684147
4689373
4690399
4691175
4696189
4696402
4696586
4696701
4697615
4698100
4700457
4700839
4701285
4702788
4702871
4703280
4705899
4706013
4706606
4706794
4707594
4708634
4709161
4710066
4710164
4710194
4710492
4710503
4710954
4712729
4712764
4713479
4714544
4715528
4720005
4722539
4722640
4723332
4723770
4730647
4731768
4732018
4732346
4734265
4734867
4738871
4739338
4741058
4741840
4742676
4743052
4743696
4745104
4745640
4745689
4747585
4747812
4748819
4749157
4752151
4752218
4755809
4756511
4756535
4756705
4756807
4759479
4759620
4763217
4764269
4764278
4764640
4765273
4765580
4767473
4767646
4768648
4768733
4770067
4770157
4770291
4773415
4773538
4773666
4781850
4783001
4783253
4786150
4788385
4789810
4790036
4790238
4791596
4793023
4793150
4793708
4797438
4804319
4804409
4809703
4811287
4812809
4814430
4814507
4820901
4820976
4821029
4821119
4821230
4823378
4823759
4823937
4824250
4824381
4824497
4824585
4833268
4839233
4839318
4841985
4844527
4844816
4844983
4847356
4849658
4855907
4855985
4858142
4858215
4858367
4858536
4858822
4861267
4861494
4861757
4862102
4862304
4862943
4863475
4865884
4865978
4866552
4868508
4873907
4877323
4877605
4877843
4879490
4881293
4887494
4901394
4905632
4906503
4906593
4913203
4928882
4931108
4940563
4941602
4947298
4951762
4956452
4959515
4960373
4961056
4961377
4963061
4964518
4965616
4965873
4965965
4966409
4968081
4968240
4968703
4968837
4974010
4975834
4976004
4976788
4980579
4980679
4981935
4982263
4982705
4983774
4984469
4986588
4986683
4986961
4987216
4987561
4990047
4990228
4991997
5004319
5004408
5006410
5013691
5016165
5022513
5028530
5028850
5029089
5029601
5029774
5029954
5029980
5030147
5030229
5030854
5032273
5032411
5032656
5036154
5040309
5044210
5044639
5044651
5044798
5049371
5049463
5053163
5053289
5060144
5060413
5060441
5062114
5070531
5070616
5072592
5072687
5072949
5073265
5073489
5075336
5075417
5075611
5075902
5075998
5078454
5078467
5078642
5084756
5091775
5098955
5099043
5099329
5101902
5102026
5104409
5104673
5104786
5106808
5110565
5116660
5116783
5120327
5120511
5120684
5122620
5127424
5128118
5128207
5130856
5130993
5131208
5132798
5132836
5133038
5137335
5137723
5143901
5143911
5144496
5145523
5145786
5146132
5147171
5147282
5147689
5148324
5156796
5157023
5162088
5162393
5162647
5165564
5165641
5165786
5165824
5168314
5168404
5169776
5169996
5170135
5175276
5175373
5175928
5177314
5177379
5178101
5184527
5184627
5184809
5185344
5189405
5190072
5190193
5190515
5190833
5192336
5192409
5194060
5203019
5203286
5215677
5217279
5217418
5223007
5228198
5230284
5230541
5230739
5236706
5239723
5240863
5241993
5251951
5252769
5259189
5259390
5259546
5260788
5263550
5263593
5263884
5270213
5270228
5273170
5275336
5277231
5278416
5282440
5282736
5283207
5283512
5284023
5284098
5285159
5287409
5287853
5288033
5289911
5290476
5291103
5291473
5291608
5292702
5292848
5292855
5293450
5295172
5297166
5297887
5298219
5298786
5300283
5300894
5300963
5302010
5303270
5303347
5303591
5303703
5304248
5305200
5305554
5305671
5305763
5306915
5307070
5307286
5310433
5310775
5311072
5311703
5311818
5314018
5314222
5319281
5320029
5320693
5322824
5322967
5325053
5328073
5328316
5329653
5329683
5330373
5330570
5330656
5330772
5333061
5333740
5334821
5334978
5336280
5336486
5336499
5339897
5340280
5340548
5343260
5343608
5343745
5343875
5344537
5345400
5345810
5346419
5346583
5347818
5349254
5349431
5350586
5350891
5351011
5351150
5351297
5351511
5353112
5353488
5353606
5353663
5353745
5353858
5354876
5355931
5356037
5356133
5356623
5356876
5358066
5358184
5361098
5361189
5361353
5362482
5362687
5362782
5362980
5363367
5363421
5367299
5378458
5379632
5379895
5382403
5382521
5382672
5384775
5384920
5385236
5385369
5385948
5386545
5389160
5389308
5390276
5391028
5391121
5391294
5391603
5391913
5397296
5397848
5397991
5398957
5399212
5401950
5405464
5405797
5406136
5406228
5406293
5412773
5412896
5412980
5413343
5414032
5416287
5416329
5416602
5416640
5416743
5416917
5417155
5417194
5417279
5417535
5417838
5418419
5422773
5424232
5424976
5425846
5426582
5426888
5427714
5431137
5433199
5433873
5433939
5434025
5434613
5434625
5437695
5438419
5438873
5440466
5440608
5441294
5441713
5441873
5442417
5443220
5443303
5443316
5443408
5444991
5445548
5446458
5451333
5451736
5454950
5457823
5459865
5468839
5468977
5469104
5471245
5472327
5475632
5476073
5476605
5478621
5478953
5479063
5479089
5479838
5479990
5480671
5481845
5483569
5484518
5485199
5485295
5485337
5485449
5485458
5485471
5486499
5486810
5487090
5490793
5490901
5491091
5493167
5493290
5493879
5493992
5497597
5498156
5499291
5502155
5504795
5504979
5505107
5505263
5511051
5511132
5513740
5513930
5514247
5515821
5516332
5516382
5516423
5516620
5518881
5518969
5521281
5521446
5521585
5526440
5528219
5528528
5528631
5528934
5531175
5537138
5539756
5540692
5542162
5542492
5543247
5548587
5550296
5552114
5554169
5558685
5558823
5559252
5561679
5563551
5567019
5567143
5567414
5567965
5568417
5569645
5570312
5574805
5574903
5574954
5582634
5586605
5587825
5588263
5591282
5592451
5593133
5593340
5593483
5593835
5593854
5594047
5594304
5594490
5596109
5596386
5596493
5596742
5596786
5596856
5596890
5599105
5599823
5599904
5600421
5600522
5600663
5600953
5601099
5601260
5601539
5602108
5604144
5604524
5605278
5607545
5607806
5612839
5612954
5613850
5614142
5616494
5616611
5618476
5619058
5622697
5622795
5623034
5623201
5623374
5626315
5626478
5629706
5632902
5633117
5633311
5634548
5634571
5635978
5638550
5639006
5639114
5643974
5647740
5648997
5649919
5650274
5652618
5652917
5653097
5659484
5660266
5660760
5661754
5662886
5663171
5664491
5665045
5668073
5668180
5668204
5668540
5669565
5672972
5673832
5673891
5674941
5675466
5680666
5682352
5683106
5683646
5684223
5684751
5685513
5685722
5686322
5686663
5688836
5690844
5692515
5693970
5694086
5694156
5694703
5694747
5694919
5695019
5695104
5696749
5697039
5697144
5697264
5697957
5698125
5698501
5698621
5698734
5699372
5699789
5699994
5700112
5702820
5703351
5705212
5705330
5705663
5708216
5709088
5709133
5709157
5710920
5711061
5713378
5716537
5721879
5723972
5728921
5729772
5731948
5732228
5732317
5734262
5737795
5738217
5738386
5738677
5739486
5739658
5741413
5741584
5741804
5741829
5742073
5742460
5742931
5742936
5742950
5743053
5743188
5744585
5744881
5744957
5747147
5747266
5747486
5747508
5750330
5752273
5752303
5752428
5754527
5755883
5757232
5757365
5764306
5764407
5767070
5768950
5770246
5771950
5772555
5773541
5775153
5778689
5779541
5783854
5784246
5786319
5786404
5788767
5790136
5790303
5792119
5792193
5793224
5793357
5793535
5793787
5794475
5794572
5795262
5795524
5795763
5796295
5796434
5797448
5799263
5799307
5799600
5800190
5800742
5800855
5801581
5803097
5804643
5805216
5805388
5807354
5810973
5812013
5812159
5813814
5820662
5821992
5823912
5823932
5824037
5824192
5825786
5827291
5827608
5827914
5828209
5830356
5831041
5833172
5833496
5833657
5833868
5834573
5836296
5836796
5837091
5837245
5838026
5838117
5838409
5839045
5839179
5839204
5839324
5839363
5839662
5839838
5842941
5845628
5845686
5845851
5846412
5846884
5848265
5851314
5851596
5851774
5851927
5851942
5854054
5854257
5856430
5857813
5858285
5859345
5860358
5860647
5860881
5862694
5862906
5863016
5863842
5864338
5864479
5864658
5866973
5867567
5872426
5876050
5876258
5883785
5885574
5887685
5895573
5897761
5903341
5904458
5905433
5908119
5911435
5912890
5917036
5921096
5921932
5922135
5922427
5922739
5922885
5923860
5933650
5933910
5934807
5936100
5936229
5936240
5936527
5936994
5937133
5940298
5942872
5943135
5943245
5945327
5945614
5950537
5952628
5956691
5959311
5961030
5961113
5967104
5971804
5984885
5986706
5988382
5988896
5988973
5990002
5992328
6000059
6003578
6005543
6014628
6017002
6018549
6019195
6029784
6029852
6030427
6036244
6039661
6039751
6039948
6040092
6040271
6042377
6042519
6042649
6044132
6044205
6044437
6044532
6045252
6047396
6047523
6048163
6050181
6056247
6057089
6057171
6057918
6061138
6063360
6064878
6066314
6066624
6071360
6087385
6094758
6105143
6105307
6105444
6106872
6109501
6109594
6113941
6114213
6119184
6119649
6120954
6127160
6127607
6127700
6129348
6129910
6137664
6137790
6145947
6147315
6147929
6163358
6177745
6179323
6181450
6186347
6190767
6190853
6190957
6191047
6191536
6194386
6194446
6196081
6199835
6200326
6200962
6201071
6201164
6202274
6202677
6202739
6203294
6203444
6203655
6205547
6205894
6207097
6208024
6208294
6208448
6209388
6210005
6216575
6219772
6226660
6230219
6230640
6236873
6237804
6237909
6241390
6241529
6241585
6248663
6251482
6255064
6256233
6259238
6259326
6259450
6264326
6267848
6271137
6272940
6273676
6273900
6274001
6274117
6274177
6280011
6280869
6282368
6282784
6282889
6283142
6283172
6283288
6285112
6285243
6285463
6287621
6287638
6287886
6292197
6293383
6293546
6293759
6294866
6295235
6295516
6297501
6297599
6297781
6298740
6298796
6299552
6299619
6299901
6300001
6300095
6300165
6300190
6300237
6300336
6305303
6306135
6308449
6308905
6309305
6309823
6309968
6313533
6313702
6314128
6314230
6314244
6314319
6314682
6314716
6314848
6315004
6315378
6315420
6315486
6315657
6317131
6317677
6317710
6317949
6318162
6318608
6319914
6320184
6322696
6322782
6322863
6322920
6323151
6323271
6324675
6324741
6325038
6325146
6325236
6325310
6326971
6327044
6327254
6327683
6330330
6330848
6330916
6331089
6331216
6331233
6331891
6332843
6332963
6335101
6335790
6335894
6337711
6337792
6338200
6338869
6338907
6338954
6339360
6341510
6341651
6342299
6342668
6343967
6344227
6345563
6345733
6345853
6346045
6346291
6346524
6346666
6348160
6348324
6348388
6348678
6348816
6350280
6350382
6350462
6351491
6352137
6352228
6352252
6353190
6354422
6354540
6354809
6354918
6354955
6355450
6356550
6357392
6359692
6359848
6360122
6360273
6360392
6362325
6362495
6362772
6362870
6363307
6363685
6364251
6366557
6366868
6367203
6367959
6369000
6370229
6370590
6370844
6373300
6378928
6379329
6379443
6380039
6380735
6380870
6381085
6383110
6383648
6384637
6388972
6391129
6392441
6395997
6396552
6397090
6398744
6399371
6403388
6403481
6403789
6403991
6404010
6404239
6404342
6404425
6404590
6404881
6405898
6406738
6406868
6407462
6407670
6410051
6410336
6410386
6410504
6412506
6412851
6413527
6415352
6416464
6418192
6419903
6420295
6420500
6420631
6420740
6421191
6421414
6422130
6424274
6427012
6429544
6430929
6431721
6432552
6432721
6433099
6434317
6434780
6435510
6437869
6438667
6439392
6439636
6439743
6439943
6440136
6440286
6440404
6440411
6440633
6441202
6443354
6443471
6443628
6443642
6443773
6443882
6444169
6444294
6444387
6444441
6444451
6444683
6448292
6448364
6448460
6448574
6448659
6450343
6451854
6452214
6452788
6453426
6453451
6453738
6454415
6454891
6455259
6457885
6458017
6458353
6460632
6461503
6461606
6461862
6461929
6463144
6463583
6464106
6464257
6464388
6466501
6466931
6468167
6468268
6469984
6470520
6470691
6472618
6472741
6473408
6475414
6475658
6478053
6480419
6482292
6482463
6487542
6489709
6492441
6492738
6492765
6492778
6493013
6493052
6493175
6493184
6493205
6497578
6497817
6498899
6501134
6501155
6501244
6504180
6504370
6505294
6505486
6505610
6506003
6509861
6512134
6516127
6516845
6517783
6517874
6519283
6524251
6524531
6525764
6526831
6527803
6527927
6529359
6530154
6530291
6531384
6531428
6532395
6532476
6533960
6534090
6534851
6535359
6536013
6537279
6537828
6539479
6539671
6539685
6540103
6541947
6542403
6542668
6543306
6544171
6544417
6544609
6545073
6545668
6547376
6547469
6547782
6548943
6549019
6549294
6552660
6553122
6555362
6555498
6555953
6556171
6556257
6556401
6556567
6559518
6559573
6559859
6560177
6560191
6560298
6560435
6563229
6564679
6564757
6565358
6565694
6567174
6568399
6571485
6571694
6572482
6573106
6574593
6574711
6574802
6574999
6575415
6577286
6577428
6577670
6579373
6579742
6579821
6580006
6581880
6582037
6582186
6582203
6584428
6585335
6586668
6586895
6586975
6587349
6587747
6589226
6589821
6590561
6590802
6593169
6596590
6596875
6597258
6598118
6604651
6605181
6605751
6608641
6609141
6609429
6612349
6612440
6613379
6613963
6614720
6614897
6615044
6615316
6619620
6620644
6622063
6622372
6622429
6622604
6628486
6629036
6629266
6629618
6629738
6631535
6632487
6632600
6632847
6633659
6634510
6636878
6637306
6637691
6638469
6638562
6639125
6640433
6640816
6642938
6647545
6650595
6656534
6656597
6656756
6656815
6657976
6658161
6658346
6658554
6662039
6662184
6666812
6667053
6667626
6671048
6671261
6673229
6673874
6676450
6676589
6676687
6676790
6676874
6678423
6678553
6678950
6680682
6681058
6681377
6681682
6682141
6684448
6684521
6685386
6685451
6685783
6686061
6686177
6686276
6689210
6689866
6690310
6690333
6694819
6695170
6695262
6696161
6697013
6697586
6698296
6698778
6700382
6700453
6700549
6701031
6701145
6701314
6703752
6706072
6706180
6706447
6707163
6707296
6709391
6709473
6709558
6709639
6711188
6711946
6712247
6712323
6712475
6714738
6717029
6717084
6717675
6718318
6720443
6723360
6723439
6723551
6723837
6723942
6723979
6726032
6726107
6729545
6729824
6730928
6731463
6731556
6731922
6731959
6732474
6734916
6734990
6735729
6736025
6738879
6739566
6742454
6743112
6743524
6744113
6744216
6744564
6744637
6745328
6745768
6749598
6750394
6753386
6756526
6756843
6756856
6757315
6761933
6765151
6765532
6766165
6769568
6774436
6774563
6779040
6783387
6784328
6784487
6785021
6786834
6787018
6787113
6787767
6788840
6789204
6791505
6792416
6792906
6792922
6795413
6795512
6797216
6797313
6797899
6797970
6798465
6798947
6800339
6802364
6802468
6802916
6805292
6806804
6807035
6810198
6812647
6812729
6812752
6812838
6814195
6817536
6818091
6818113
6821985
6824447
6824621
6824962
6825862
6825954
6826507
6826972
6827192
6829293
6829374
6830077
6831629
6831705
6831942
6832786
6832963
6835137
6835610
6835726
6835844
6840006
6840025
6840312
6841965
6842130
6843032
6843567
6843658
6844584
6845186
6845593
6849195
6849848
6850299
6850966
6855128
6855764
6856382
6856969
6857939
6858068
6860620
6860723
6863256
6863355
6863697
6864066
6864615
6867496
6867971
6868882
6868983
6869268
6873748
6873843
6874968
6875030
6876588
6877463
6878018
6878279
6879111
6879116
6879205
6879225
6881453
6881558
6881647
6884759
6895055
6899061
6899484
6900162
6902220
6903238
6903459
6903622
6903717
6905344
6905546
6905801
6910311
6912843
6913578
6915674
6916912
6916962
6917116
6917338
6933920
6934081
6939034
6941084
6950263
6950470
6950892
6964345
6967997
6969422
6971099
6971191
6971565
6971655
6971793
6971964
6975066
6975533
6979401
6979506
6979669
6985011
6988184
7000520
7002172
7002389
7002490
7007173
7011466
7013927
7016108
7017062
7026570
7026652
7028913
7029073
7029236
7030352
7031164
7031848
7034232
7034271
7034322
7035127
7036861
7036868
7037050
7037061
7037758
7037904
7038353
7039497
7039883
7039929
7040069
7040557
7040643
7040683
7040810
7041079
7041286
7042817
7043081
7043203
7043336
7043957
7044095
7044543
7044775
7045161
7045332
7045789
7045797
7045856
7046222
7046298
7046454
7046621
7046749
7046818
7046837
7047398
7048130
7048289
7048465
7048507
7048777
7049194
7049300
7049424
7049448
7049514
7049867
7049906
7050378
7050545
7050588
7050866
7051498
7052092
7052366
7052526
7052656
7053345
7054442
7054772
7054868
7055948
7056018
7056374
7056703
7056919
7057023
7058028
7058392
7058415
7058541
7059005
7059264
7060125
7060150
7060221
7060374
7060406
7061383
7061481
7061787
7062112
7062777
7062930
7063134
7063547
7064183
7064307
7065423
7065642
7066009
7066847
7067672
7068113
7069084
7069383
7069535
7072088
7073566
7074560
7076335
7076608
7077119
7077734
7079306
7079328
7079793
7080116
7080191
7080381
7082097
7082151
7084412
7084998
7085828
7086058
7086415
7087953
7098194
7102360
7102792
7103473
7103755
7105118
7105500
7107516
7108010
7108686
7115783
7117656
7119470
7119557
7119592
7119609
7121394
7121639
7123334
7128613
7130954
7131095
7132335
7132640
7133343
7136293
7136521
7137449
7137949
7138062
7138141
7142319
7148460
7148605
7151228
7153285
7153556
7153579
7156584
7157162
7163687
7163941
7165887
7166621
7171875
7177408
7177617
7184604
7185925
7186051
7186923
7187473
7189054
7189133
7191806
7191834
7193543
7194086
7194655
7194992
7195127
7197368
7198630
7199516
7199532
7200333
7200529
7200896
7200920
7201339
7201450
7201587
7201670
7201871
7202582
7203930
7206181
7208025
7208076
7208157
7210723
7210808
7210855
7211739
7213794
7213921
7213948
7215939
7217014
7218447
7219983
7220192
7221329
7221550
7222379
7224863
7227303
7227426
7227605
7229103
7229721
7229761
7230210
7230266
7230789
7231786
7231805
7231872
7231933
7232082
7232204
7233107
7233198
7233436
7234590
7234665
7234761
7234853
7236781
7236913
7237300
7239924
7240161
7240383
7240622
7240630
7241166
7243168
7244595
7246630
7249134
7253363
7253453
7254217
7255758
7257815
7257926
7258581
7262139
7262286
7269612
7269796
7269901
7275123
7275248
7275441
7276627
7276769
7277811
7277920
7286966
7287121
7289689
7290707
7291721
7291759
7292021
7292281
7294032
7294170
7294629
7297985
7303463
7313592
7313741
7317468
7318459
7319466
7319624
7320485
7322039
7322707
7323156
7323184
7323228
7325025
7325148
7325678
7325924
7325966
7326031
7329515
7329517
7329582
7329603
7329736
7333700
7335126
7335269
7338095
7338463
7342322
7342504
7347441
7347674
7347871
7347900
7348057
7350813
7350867
7355185
7355594
7355961
7355986
7358227
7361912
7362109
7362535
7362856
7362985
7363868
7363966
7365698
7369918
7371964
7374682
7375044
7378777
7379149
7379311
7379363
7379601
7379647
7379700
7379803
7380048
7380151
7380503
7380680
7380803
7382557
7382892
7383308
7384526
7385834
7388586
7390598
7390983
7393453
7398644
7398717
7402084
7402227
7402269
7402406
7405156
7405554
7405675
7405739
7406030
7406264
7409839
7409916
7410020
7412468
7412488
7412535
7412753
7412870
7413039
7413079
7413236
7414198
7414274
7414492
7414699
7414864
7414886
7415469
7415571
7415605
7417244
7417464
7417834
7419554
7419802
7420262
7420821
7423981
7424043
7425800
7425863
7433122
7433677
7433815
7433869
7434926
7436355
7436969
7437114
7439039
7439065
7441303
7443388
7443439
7446353
7446443
7447798
7448385
7450278
7450575
7450837
7452655
7455326
7456169
7457979
7458103
7458222
7458285
7460941
7461105
7462391
7463004
7463643
7463743
7465682
7465688
7466733
7467313
7467966
7469736
7474276
7474299
7475283
7476191
7476385
7477050
7478188
7478468
7480091
7480380
7480444
7481736
7481874
7482035
7482234
7484455
7486391
7486493
7488050
7488232
7488405
7488422
7488521
7488659
7489952
7490065
7490505
7490712
7491201
7491549
7493042
7495313
7495947
7497898
7498025
7498052
7498818
7499768
7500639
7501428
7503103
7503290
7503686
7504380
7505004
7505919
7508064
7508166
7509874
7510407
7512472
7512668
7514286
7517827
7521985
7523229
7523918
7526343
7527769
7528019
7529920
7530281
7531918
7532132
7535909
7536310
7537888
7538259
7538618
7539442
7539543
7541517
7541532
7545867
7546125
7552018
7553745
7554856
7557356
7559848
7559855
7559901
7561817
7566054
7566189
7566306
7566587
7566950
7568499
7569405
7569666
7570813
7573301
7577751
7577872
7581027
7581396
7581479
7582595
7582727
7583123
7583255
7588821
7589117
7590811
7591520
7591619
7592140
7592307
7592403
7592929
7593082
7595280
7595354
7595717
7596067
7596148
7597135
7598741
7598844
7600141
7601632
7601839
7602281
7602386
7602481
7602570
7603150
7603188
7603518
7604604
7604972
7605039
7605396
7607032
7607203
7607605
7609058
7609118
7609710
7609908
7610330
7611696
7611881
7612319
7612487
7612700
7613312
7616750
7616900
7617029
7617379
7618695
7618973
7619369
7619527
7620203
7620319
7620418
7621018
7621104
7621439
7623683
7623780
7626336
7626416
7627251
7629521
7629575
7629625
7629648
7630025
7630202
7631917
7632076
7632236
7635087
7635200
7635380
7636563
7640529
7641862
7642151
7644516
7653825
7654275
7656237
7658012
7658365
7663272
7664862
7666183
7669513
7671945
7674871
7675580
7675659
7677207
7677809
7679140
7679566
7682897
7683298
7685523
7689866
7702290
7703906
7707476
7712969
7713120
7713143
7713345
7716451
7724909
7725164
7729448
7729554
7730111
7731888
7731968
7732055
7732090
7732129
7732270
7732317
7732594
7732627
7745103
7745186
7745330
7745440
7747390
7750378
7750397
7756637
7758849
7758957
7760480
7777864
7778046
7778131
7782642
7782749
7783359
7783496
7784734
7787258
7790104
7791393
7791994
7792070
7796749
7799545
7799661
7805738
7806058
7806155
7806517
7814664
7818084
7823595
7829628
7829748
7834359
7835644
7835921
7835939
7836182
7847216
7847834
7850804
7852143
7852951
7853169
7853265
7856042
7856116
7856472
7856756
7857277
7857634
7857951
7858109
7858344
7859772
7859984
7860432
7860476
7860770
7862208
7862862
7862951
7863110
7863233
7863311
7865013
7865101
7867514
7867717
7867851
7868252
7871170
7872173
7872527
7872617
7872769
7873095
7874343
7874506
7874943
7875238
7875358
7876504
7876717
7876859
7880102
7880197
7881797
7884660
7884756
7884925
7884961
7887072
7887138
7887294
7891689
7892014
7894335
7902434
7902499
7903885
7904222
7905009
7905375
7907080
7907998
7908948
7908983
7911058
7911261
7911353
7912378
7913029
7915838
7915915
7915930
7916078
7916764
7918007
7921458
7921577
7921841
7923689
7923732
7924545
7927863
7928500
7930078
7930462
7930567
7930746
7931033
7931196
7934723
7934924
7938531
7941828
7942085
7944788
7946740
7949493
7952348
7952467
7953172
7953192
7953346
7955140
7955296
7956078
7956344
7958074
7958605
7958747
7958756
7958877
7961456
7962115
7964193
7964710
7970062
7970079
7970362
7970452
7970500
7973554
7973787
7974316
7975459
7975785
7976190
7976330
7976886
7979778
7980895
7981619
7982895
7984701
7985026
7985672
7988809
7989826
7989938
7990929
7991700
7992322
7992903
7993017
7993188
7993398
7993719
7993810
7994560
7996426
7997545
7997701
7998079
7998571
7999427
7999576
7999690
8000836
8001238
8001310
8001446
8004880
8004955
8005035
8005173
8005532
8005714
8006116
8006379
8009727
8009863
8010036
8010283
8010290
8014105
8014614
8014731
8014884
8015284
8016873
8017258
8017316
8018670
8018878
8019074
8019436
8020051
8020389
8020414
8020473
8022613
8024493
8025019
8025255
8025468
8027181
8029947
8030704
8030804
8030844
8031010
8033839
8034006
8034311
8037522
8037985
8038082
8041866
8042016
8044537
8046193
8046346
8048574
8048658
8050326
8052906
8053370
8054073
8054338
8054628
8059025
8059373
8060082
8061405
8061656
8061938
8061966
8063531
8063567
8064140
8064802
8066418
8066621
8066736
8067042
8067334
8067440
8067728
8069401
8069974
8070663
8072201
8072677
8072778
8073026
8073155
8073296
8073599
8074750
8075407
8076215
8076229
8076337
8076605
8077075
8077127
8077155
8077745
8077821
8078011
8079146
8079306
8079317
8079392
8079456
8079470
8079741
8079975
8081299
8081790
8082271
8082876
8082952
8083093
8083448
8083684
8083950
8084324
8084345
8084556
8084708
8085119
8085381
8085800
8086442
8090536
8091546
8092903
8093152
8093802
8095325
8095419
8097537
8102741
8102876
8105074
8105729
8106428
8110811
8112456
8114455
8118649
8119569
8119764
8119835
8124805
8124899
8127912
8129010
8129178
8129459
8129875
8129971
8130517
8134294
8134818
8135583
8137504
8137967
8138317
8138727
8139538
8139559
8141131
8141352
8141545
8142137
8146653
8148916
8149126
8151720
8153381
8154322
8156086
8157789
8157964
8159911
8161285
8161441
8161560
8165045
8165123
8167074
8167286
8167437
8167473
8169766
8171117
8171339
8172337
8174047
8174247
8174471
8174755
8174941
8178147
8178350
8180733
8181210
8182850
8183423
8185415
8186466
8186672
8186737
8186841
8186940
8186978
8187126
8189680
8189820
8191037
8191112
8193938
8195843
8195952
8196674
8197677
8198676
8199305
8199415
8199788
8202139
8202406
8204169
8204367
8204554
8204662
8206547
8207217
8207822
8208113
8208487
8209071
8211159
8211328
8211619
8213437
8214337
8214718
8216217
8216782
8219412
8219624
8220239
8220442
8220505
8221665
8221797
8222056
8222650
8222709
8222984
8223049
8224937
8226359
8227276
8227581
8227667
8230425
8230891
8231346
8231697
8232956
8233647
8234962
8235145
8236060
8236501
8236628
8236701
8236818
8237027
8237273
8237680
8238029
8238204
8238291
8238430
8238626
8239156
8239176
8239367
8239419
8239879
8240174
8240464
8241381
8241728
8241839
8241914
8242125
8243314
8243624
8245273
8246010
8248017
8248086
8248424
8248931
8249003
8249238
8249423
8249505
8249575
8249635
8249695
8251598
8251703
8251734
8251874
8252401
8253221
8253854
8256030
8256283
8256542
8256560
8256665
8256884
8258604
8258656
8258857
8259126
8259262
8260301
8260498
8260598
8261058
8261135
8261228
8261482
8261756
8261973
8262209
8262269
8262907
8263331
8263482
8264597
8264687
8264957
8265658
8266417
8266483
8266573
8266654
8267183
8267693
8268352
8268523
8269383
8270379
8271249
8271490
8273101
8274149
8277166
8277258
8277307
8280992
8281351
8284111
8284216
8284412
8284485
8284811
8285094
8285241
8285590
8285838
8286159
8286535
8286722
8289023
8289394
8289577
8290268
8293503
8293858
8304245
8306072
8306225
8307556
8307766
8307933
8308247
8308343
8308390
8309458
8309660
8309773
8311268
8311944
8312500
8312723
8312776
8312816
8312868
8313013
8313454
8314437
8315060
8315239
8315600
8316081
8316163
8317022
8317287
8318694
8319942
8320119
8321130
8323159
8323412
8323416
8323810
8323820
8325034
8325260
8326150
8326516
8326854
8329299
8330614
8330761
8330808
8331093
8334468
8335512
8336310
8336816
8337104
8338148
8338355
8340215
8342059
8342179
8342201
8344109
8347148
8349967
8351315
8352301
8352398
8353904
8354091
8354500
8357473
8357480
8357735
8360550
8360647
8361026
8361439
8361613
8363197
8367674
8380333
8386457
8390970
8392994
8393850
8402620
8402722
8406486
8406541
8417346
8419205
8419780
8420284
8420410
8420522
8423368
8432077
8436352
8437197
8437641
8437764
8440291
8443705
8444134
8445297
8447441
8456150
8457450
8457613
8457648
8463370
8463805
8464144
8467168
8476795
8476922
8477228
8477380
8479396
8479633
8480028
8483026
8484242
8485485
8492617
8492692
8495960
8500787
8501364
8501453
8501659
8502299
8502881
8503084
8506065
8506178
8511098
8511219
8514933
8515096
8519717
8520419
8522642
8522769
8523814
8529261
8532813
8533827
8533935
8536193
8537035
8537182
8542754
8555093
8555516
8556519
8557836
8562089
8562461
8563750
8566494
8577834
8579634
8579835
8585504
8593204
8601835
8606043
8606351
8610104
8610292
8611080
8614954
8615376
8620387
8624054
8624405
8625679
8627063
8627168
8629913
8630181
8630266
8631520
8631626
8631633
8631855
8632032
8632235
8635940
8636616
8638103
8639469
8640077
8640104
8640448
8640814
8642529
8642853
8643057
8643210
8643745
8645792
8647568
8648162
8650867
8650941
8650976
8651219
8651249
8652512
8652981
8653046
8653162
8653232
8653443
8653629
8653887
8654045
8654179
8654218
8654558
8655627
8655892
8656082
8656162
8656210
8656259
8656445
8656479
8656492
8656587
8656642
8657256
8657544
8657656
8657746
8658056
8658910
8659688
8659771
8659891
8659934
8660175
8660298
8660433
8660616
8660941
8661078
8661239
8661313
8661401
8661658
8661664
8661808
8662148
8662153
8662208
8662602
8662635
8662974
8664061
8664205
8665532
8666525
8666550
8666751
8667738
8668433
8670169
8670283
8670680
8674019
8678401
8681462
8681561
8685420
8686097
8687783
8687902
8688064
8692103
8692585
8694722
8697662
8702295
8702627
8703156
8704390
8704823
8707353
8707395
8707567
8707733
8707810
8708041
8709040
8712650
8712828
8713748
8713824
8725618
8726531
8728729
8728745
8728765
8731286
8732661
8734013
8735181
8738485
8741135
8747995
8753110
8753518
8754898
8755664
8756061
8758326
8758425
8759010
8764258
8764530
8764725
8766019
8766133
8766541
8767512
8769141
8770478
8770707
8771798
8771878
8772044
8772436
8773359
8773440
8774050
8774189
8775343
8775716
8777271
8777865
8777871
8779163
8782359
8783594
8786185
8786451
8787067
8787073
8787395
8787437
8788162
8790446
8790600
8790715
8791209
8792299
8792516
8792904
8794502
8794649
8795065
8795177
8795513
8795587
8795843
8796355
8796562
8796805
8797318
8797385
8797416
8797687
8799818
8801724
8801919
8802262
8804385
8804522
8804546
8804653
8804804
8805806
8806028
8806215
8806306
8806388
8806744
8807063
8807262
8807721
8808076
8808131
8808249
8808263
8808270
8808695
8808762
8809134
8809504
8809792
8809978
8810422
8810589
8811730
8811946
8812107
8812162
8812285
8812417
8812509
8812519
8813281
8813394
8815990
8816221
8816406
8817406
8817452
8817816
8818072
8818105
8818157
8819029
8819727
8819991
8820194
8821395
8821536
8821597
8821844
8822020
8822070
8822150
8822203
8822518
8822875
8823006
8823331
8823450
8824036
8824206
8824924
8825168
8825348
8825671
8826551
8826824
8827555
8828874
8829200
8829585
8831535
8832747
8833106
8833352
8833475
8833812
8833889
8835804
8836193
8836264
8836403
8837350
8837794
8837812
8837998
8838069
8838412
8838658
8838799
8839435
8839531
8839645
8840014
8840040
8840488
8840650
8840792
8841201
8841280
8842041
8842086
8842415
8842702
8842958
8843504
8843583
8843775
8844205
8844392
8844739
8845292
8846682
8847380
8848790
8848937
8849417
8849717
8850159
8850383
8850842
8851994
8852360
8852571
8853018
8853444
8853896
8855201
8856757
8857392
8858727
8858813
8859177
8859289
8859316
8859423
8861757
8861824
8861950
8862422
8862727
8863561
8863980
8864122
8864866
8865258
8865313
8865658
8865867
8865993
8866727
8866839
8867845
8868130
8868801
8869814
8869913
8870040
8871534
8871967
8872113
8872452
8873194
8873635
8873834
8875233
8875492
8875566
8875689
8876099
8878449
8878581
8879385
8879693
8880226
8880770
8881977
8882000
8885157
8886302
8886383
8888287
8888535
8890210
8890684
8896771
8897308
8898082
8900418
8900673
8904052
8906049
8906140
8906444
8911352
8911545
8913895
8915381
8916274
8916381
8917758
8918607
8922497
8922641
8922688
8923441
8924974
8925252
8925636
8925936
8927735
8927829
8927949
8928048
8928266
8928319
8929633
8929862
8930344
8931865
8932162
8932451
8932718
8934035
8936487
8936669
8937054
8937259
8939940
8940011
8941032
8943612
8946224
8946353
8946874
8947544
8947683
8949287
8950011
8950536
8952551
8953679
8953769
8954054
8956765
8956787
8957278
8957690
8957735
8959186
8959902
8961599
8962339
8965446
8968174
8968514
8970214
8970534
8971138
8972300
8972588
8972896
8973408
8975569
8976758
8978330
8978698
8980135
8980169
8982355
8982365
8985455
8986849
8987043
8987309
8987431
8987807
8988267
8988760
8989082
8989997
8990452
8990483
8990724
8990981
8991054
8991100
8991437
8991624
8992199
8993824
8993829
8994124
8994338
8996178
8996207
8998908
9002884
9003011
9004737
9004869
9007070
9007153
9010323
9012956
9014047
9014537
9014607
9015140
9015436
9015756
9015802
9017162
9017667
9018031
9018226
9020278
9023364
9023525
9026503
9026584
9027904
9030409
9030551
9033246
9040640
9040672
9040928
9043218
9043405
9046853
9047377
9048351
9048424
9048916
9051895
9052091
9052216
9060069
9061555
9061669
9061807
9062757
9062922
9063023
9063771
9063889
9064159
9064253
9064725
9064837
9066349
9066440
9066727
9067745
9068494
9082475
9085693
9088097
9088722
9090178
9097940
9099426
9101732
9102059
9102499
9102857
9103099
9103286
9103458
9103549
9113893
9115018
9116290
9116307
9116325
9116485
9120686
9120809
9120966
9124659
9130009
9142088
9142321
9142477
9146920
9147046
9147855
9149735
9152245
9155283
9155383
9155571
9156763
9156865
9156999
9157173
9160339
9161945
9162107
9166288
9167921
9168003
9168153
9171604
9171864
9173401
9173416
9173636
9176354
9182273
9183524
9184225
9184530
9186288
9188441
9190440
9192440
9192753
9193448
9193677
9193721
9199012
9199263
9199668
9199844
9200722
9200865
9200913
9200975
9201413
9201615
9207646
9208385
9210258
9210552
9216194
9216265
9219151
9221107
9221461
9221591
9225111
9227791
9228909
9233047
9234890
9235004
9235161
9235322
9235501
9237261
9240500
9241046
9242057
9242138
9254548
9254655
9261340
9262234
9262914
9262978
9281695
9281938
9281974
9282087
9282219
9282400
9284405
9285787
9316611
9316710
9317294
9318936
9320741
9323451
9323603
9329595
9331043
9337697
9346462
9346732
9346840
9347012
9350735
9359721
9362092
9362568
9362682
9362997
9365182
9371221
9371813
9371839
9371995
9377021
9377173
9379173
9379997
9382592
9388897
9390346
9405369
9406536
9409605
9412180
9415403
9419092
9420270
9421653
9421820
9422153
9424268
9425636
9425676
9425678
9425861
9425865
9426746
9430524
9431913
9431944
9432035
9438302
9438397
9438796
9439189
9445256
9459584
9461607
9461736
9461804
9461922
9461992
9462000
9462349
9466381
9469443
9475936
9476247
9482103
9486259
9496991
9504453
9505979
9506061
9506296
9511984
9512060
9515541
9516088
9516188
9519077
9519137
9525645
9525725
9525826
9529235
9529413
9531916
9532003
9535644
9538525
9538729
9540916
9541060
9541159
9541170
9541340
9543114
9546647
9546726
9546783
9548211
9548482
9548862
9549010
9550074
9552108
9554037
9554231
9554999
9556164
9556201
9557757
9557809
9557960
9557971
9558081
9558292
9559623
9559938
9560027
9560506
9560673
9560704
9561472
9563093
9563354
9564232
9564256
9565159
9566144
9569645
9569863
9569926
9571005
9571099
9571487
9571718
9573349
9575610
9576053
9576820
9577193
9577838
9578110
9578504
9580794
9580892
9581290
9581619
9585071
9585305
9585610
9585661
9585738
9586004
9586150
9586278
9589181
9589404
9589647
9589759
9592196
9592423
9593545
9594027
9594072
9594253
9600524
9601223
9601633
9602645
9602972
9604305
9604472
9604602
9604907
9605047
9607702
9607916
9609849
9610043
9610173
9610327
9610671
9611139
9612872
9613496
9614188
9615084
9615488
9615585
9616071
9624659
9627409
9627809
9627999
9645848
9647421
9655062
9655738
9659625
9661065
9661260
9668069
9677173
9682067
9688690
9688814
9688946
9694150
9698001
9703131
9708318
9708432
9708741
9710579
9712477
9716378
9716452
9716615
9716936
9718643
9721345
9721452
9721907
9730353
9730658
9731642
9733742
9734279
9735631
9736414
9736562
9736590
9736612
9738326
9739248
9740470
9742949
9743252
9743438
9743528
9748353
9749704
9751072
9756000
9756134
9757668
9763400
9764117
9764273
9764394
9764716
9768877
9770397
9771363
9778248
9779425
9783172
9783416
9786184
9786469
9787649
9790196
9792237
9792337
9792701
9792902
9793014
9793085
9798974
9799042
9799218
9801191
9804571
9805253
9806211
9808056
9809393
9809465
9809719
9809840
9811116
9811212
9814141
9814227
9814462
9814867
9816379
9816438
9816636
9816718
9820769
9836360
9844654
9846419
9849262
9852279
9852480
9857191
9859548
9860239
9860390
9865370
9868769
9870300
9877315
9877514
9879801
9880664
9880801
9883906
9886360
9892751
9893005
9895055
9898353
9909264
9909695
9912513
9913835
9917212
9917489
9919269
9923574
9926542
9926874
9927027
9928885
9931931
9932405
9932886
9938545
9939536
9942730
9942854
9943615
9943655
9944129
9946421
9946554
9946571
9946614
9947153
9947234
9947342
9949462
9950293
9950330
9951341
9955686
9960105
9966665
9966870
9971106
9979945
9980570
9980842
9981221
9981453
9981616
9986392
9986483
9986635
9986798
9987002
9992932
10006504
10006993
10010540
10018151
10022386
10022488
10025004
10025111
10025292
10025517
10033380
10034292
10034745
10034940
10035018
10035133
10035334
10035351
10035417
10037951
10044004
10046745
10056062
10058297
10058547
10059491
10061277
10061428
10062710
10064811
10064904
10069708
10070130
10070266
10071636
10071700
10072193
10072938
10073254
10073719
10075313
10076036
10082087
10085622
10085708
10086968
10087886
10090184
10091674
10093144
10093917
10097864
10099131
10103463
10104597
10105539
10109885
10113675
10116349
10116453
10118677
10121885
10121984
10122177
10122553
10126142
10127594
10127601
10127726
10127993
10131043
10131125
10137917
10145780
10152393
10152524
10154621
10155062
10155157
10156908
10157691
10161697
10164861
10165579
10168133
10172706
10177754
10185938
10186246
10188903
10189420
10192815
10193658
10195552
10196091
10196681
10197376
10197509
10198794
10199153
10200558
10200974
10202974
10204135
10204276
10204347
10206242
10207621
10207706
10208377
10208397
10209639
10209788
10211223
10212258
10213998
10214178
10215457
10215664
10216974
10217424
10218390
10218516
10220959
10221664
10223202
10224230
10225460
10226380
10227814
10229851
10259736
10260137
10262478
10265098
10265186
10265238
10265399
10265580
10271758
10284412
10284510
10284884
10284895
10285048
10285102
10286058
10286126
10286410
10288176
10289163
10290168
10291361
10292873
10294960
10294990
10295050
10297503
10299016
10301267
10301370
10301951
10302418
10305692
10306158
10307030
10307374
10307512
10309376
10312161
10315980
10316138
10317588
10317661
10317854
10318417
10318671
10321468
10323500
10323590
10331431
10331470
10331483
10331526
10331565
10331684
10331707
10331842
10331943
10335853
10341838
10342323
10347852
10349528
10354947
10356353
10356576
10356693
10356764
10356866
10358843
10358988
10361897
10362306
10364443
10365132
10367401
10370302
10370666
10376275
10395765
10397423
10398680
10400238
10400484
10406967
10407035
10407171
10407334
10408281
10417931
10418835
10424058
10424205
10436014
10438986
10442180
10446829
10457754
10459976
10461440
10464473
10464558
10466967
10469257
10469417
10478182
10478390
10483500
10485848
10486142
10486199
10486550
10487508
10488240
10488365
10488548
10488640
10492937
10504429
10510908
10516157
10516931
10517077
10517554
10518224
10518978
10519074
10519189
10519956
10522775
10524191
10528107
10528190
10530628
10533164
10536747
10536896
10539894
10541586
10549202
10549467
10549523
10550072
10550529
10559297
10561145
10562978
10563069
10563209
10565023
10565206
10565215
10565867
10567250
10568844
10569619
10569766
10571178
10572396
10577347
10577475
10577665
10580217
10580295
10583475
10584316
10586421
10586559
10588649
10590477
10590685
10596172
10598140
10598376
10603109
10603421
10610286
10610432
10611072
10611852
10612467
10615024
10615457
10616683
10619657
10620386
10620569
10623106
10623557
10625145
10625551
10626117
10626233
10626622
10626722
10627117
10627270
10631533
10631654
10631724
10631988
10632173
10635037
10635503
10635924
10636050
10636262
10641175
10641335
10641655
10645334
10648549
10653048
10653167
10656282
10656536
10660158
10660221
10664684
10670302
10670365
10678285
10681330
10681552
10682496
10682635
10682946
10684201
10684449
10694053
10698947
10699415
10699852
10700343
10704029
10714019
10714941
10715436
10724883
10724889
10725184
10727388
10727498
10737528
10740394
10740894
10741193
10742425
10744879
10745193
10755899
10756073
10757351
10758558
10763210
10763454
10771879
10774411
10774907
10777118
10796592
10798183
10800481
10803509
10807383
10824932
10827039
10828651
10829762
10832254
10835270
10835607
10836223
10837587
10837598
10837741
10838501
10839464
10839996
10845821
10848177
10850628
10850773
10850814
10850934
10850988
10851130
10851177
10851302
10852231
10852511
10857304
10857338
10857668
10857973
10858048
10860384
10860452
10860548
10860719
10862179
10864956
10869343
10876419
10880393
10881455
10891387
10891842
10898681
10898821
10898990
10900266
10902188
10907797
10907911
10909012
10917309
10926066
10926218
10926270
10941683
10941888
10942811
10942911
10943939
10944027
10944076
10945547
10945676
10945716
10945842
10945878
10945891
10949534
10950115
10950217
10954150
10955070
10959910
10963335
10963575
10964342
10970355
10970470
10970790
10974691
10974795
10974917
10975383
10976596
10976717
10976908
10981093
10981426
10981541
10981655
10982724
10983808
10987406
10987982
10990023
10990063
10991158
10991668
10991793
10991962
10992187
10994228
10994321
10995846
10995959
10996452
10997765
10998157
11002379
11003359
11003748
11004780
11004880
11006826
11006947
11010988
11018108
11021567
11021701
11023500
11023881
11027806
11028387
11030089
11030225
11033562
11033695
11042265
11043214
11043390
11043673
11044468
11045214
11045321
11055905
11069900
11069982
11071481
11071658
11071754
11071867
11075376
11075564
11078973
11082200
11091188
11091348
11092903
11095004
11095121
11096185
11096679
11099632
11100812
11100831
11100937
11101124
11105347
11105497
11105617
11119190
11125534
11126073
11132789
11134896
11138764
11139608
11139715
11145435
11147922
11148059
11148334
11148491
11150363
11151430
11151508
11152552
11158341
11166830
11166900
11166921
11167076
11167166
11167356
11167458
11169421
11171654
11173627
11173718
11173997
11174557
11174675
11175065
11180932
11181076
11181141
11181576
11181728
11184652
11186574
11186673
11187513
11187711
11187852
11190517
11190659
11190982
11191451
11192440
11195936
11196086
11196256
11196277
11196351
11196398
11196543
11196618
11196705
11196772
11198473
11198539
11198871
11199031
11200457
11200627
11200687
11200795
11200879
11201168
11201294
11201308
11201397
11202574
11203663
11203730
11203763
11205586
11206141
11206157
11206337
11206453
11208625
11208833
11208909
11210516
11211097
11211196
11212261
11212761
11212907
11213054
11213108
11213257
11214075
11215080
11216398
11219135
11219469
11219483
11219815
11220718
11222116
11222370
11223993
11224140
11225690
11226155
11226263
11226404
11226549
11226633
11228424
11228506
11231100
11231159
11231918
11233898
11235196
11235361
11235580
11237398
11237424
11237466
11238055
11239318
11240500
11240990
11241057
11243992
11246447
11247432
11249590
11253802
11253875
11254305
11254374
11255227
11255457
11255555
11255867
11256206
11257707
11257789
11258356
11258424
11258633
11259821
11259885
11260070
11260183
11260377
11260454
11261397
11261428
11262377
11263250
11263615
11263779
11264200
11264986
11265668
11297361
11299826
11300010
11300485
11302818
11302930
11304374
11306190
11306355
11306556
11307064
11308603
11308730
11308814
11309073
11309953
11310037
11310185
11310519
11310618
11311022
11311229
11311618
11311752
11312013
11312103
11312148
11313009
11313234
11313268
11313622
11314316
11314389
11314464
11314609
11314719
11315159
11315717
11316941
11317087
11317397
11317460
11317506
11317548
11320035
11320045
11320562
11321077
11321150
11321878
11321970
11322734
11322995
11323126
11323195
11323206
11323479
11323640
11323813
11324474
11324667
11324748
11325166
11325266
11325531
11327387
11327523
11328038
11329081
11329118
11329140
11329275
11329615
11329757
11330367
11331559
11332288
11332534
11332774
11337057
11337556
11337566
11337657
11339277
11339886
11340218
11341510
11342213
11342313
11342517
11342847
11343248
11343590
11344366
11344955
11345041
11346435
11347175
11347307
11348749
11349369
11349387
11349473
11350058
11350436
11351118
11351720
11351768
11352359
11353370
11353727
11353739
11354138
11354209
11355273
11355545
11356253
11356792
11358287
11358527
11359274
11360994
11361825
11362013
11362131
11362196
11363565
11364960
11365060
11365274
11365380
11365526
11367132
11367211
11367255
11367359
11367507
11367743
11367846
11369671
11372698
11374401
11374473
11376004
11378288
11379347
11380678
11384131
11384290
11389410
11389573
11398082
11399248
11402090
11402701
11407532
11408946
11409114
11416210
11430092
11430200
11437656
11438777
11444666
11453005
11454264
11454705
11456650
11456758
11458938
11459219
11460056
11460106
11470325
11470765
11476397
11477294
11479712
11480419
11484303
11484977
11485219
11485699
11489321
11490262
11491983
11493920
11493992
11494002
11496121
11506521
11513045
11513051
11515690
11516409
11517975
11518436
11524741
11526147
11528203
11528278
11528495
11529278
11530947
11531438
11535738
11541922
11542192
11544627
11544768
11546390
11548383
11549407
11549657
11550463
11558280
11562952
11566457
11572630
11572777
11576282
11578443
11594682
11598851
11602612
11615431
11615605
11618774
11619267
11621212
11623175
11624594
11631245
11633750
11635897
11644686
11649076
11666648
11668785
11670053
11670280
11675845
11677932
11678533
11679417
11680405
11681678
11682309
11683343
11686131
11689359
11692863
11693459
11693581
11693946
11694076
11694304
11694558
11695977
11696077
11696463
11696477
11696496
11704553
11712549
11720161
11720304
11723488
11730633
11736621
11736876
11737923
11739445
11739585
11741845
11750733
11759729
11760084
11761815
11762233
11773011
11776289
11776323
11780772
11784420
11784532
11784658
11788217
11789919
11790314
11791146
11792255
11792847
11792860
11807001
11807133
11808643
11809526
11810325
11811609
11813203
11813556
11852466
11858402
11858554
11860686
11867552
11868488
11868604
11868955
11873549
11881118
11885374
11887601
11887978
11888025
11889503
11892678
11893960
11896115
11912283
11912464
11912692
11918256
11920745
11926698
11928378
11950673
11962143
11964634
11967420
11969445
11969603
11969643
11983030
11987625
11998405
12016667
12022499
12035883
12038077
12040377
12051842
12052240
12063335
12064471
12064518
12064618
12069863
12070713
12070744
12075105
12077231
12078344
12079931
12079978
12082804
12083563
12083845
12083962
12084099
12084663
12085851
12087807
12092734
12092828
12095497
12095625
12095905
12097762
12097995
12098469
12106484
12106633
12106811
12111469
12112698
12114773
12120759
12120921
12122531
12122584
12122725
12123162
12123222
12123479
12123703
12124758
12126109
12128641
12129422
12143479
12150471
12150869
12150982
12151028
12154139
12158062
12160018
12165521
12165644
12176153
12176212
12176262
12178303
12178470
12178611
12178784
12179517
12183412
12194181
12213324
12216740
12220391
12222294
12222311
12222497
12222802
12222838
12223647
12223730
12230625
12242768
12245275
12245616
12247564
12249759
12249992
12260984
12261620
12267373
12270211
12273894
12274416
12275963
12276259
12276530
12279950
12280334
12284822
12286834
12289250
12290737
12298992
12304308
12305915
12306354
12314389
12314507
12317042
12318597
12322684
12325914
12327858
12332071
12332740
12333124
12334691
12334798
12335929
12336461
12336608
12336849
12337014
12337512
12338993
12339190
12339614
12339748
12340488
12342226
12342482
12344246
12344421
12345112
12345316
12347614
12347961
12348279
12349909
12350251
12350423
12350505
12350609
12350960
12351085
12352475
12352548
12352957
12352957
12353116
12353363
12355433
12355564
12355579
12355680
12356040
12361816
12361847
12361960
12362085
12363573
12365019
12365243
12365499
12367027
12367437
12371310
12371419
12373630
12373730
12375991
12377664
12377734
12378431
12378810
12379971
12380740
12380880
12381050
12395075
12395888
12396022
12396166
12396192
12396420
12400011
12404718
12414401
12414899
12415594
12422753
12423124
12423151
12423270
12424509
12425519
12426361
12429386
12432322
12434835
12434951
12435138
12435860
12437418
12437639
12440295
12444418
12444469
12445688
12445828
12446146
12446331
12446776
12447035
12450099
12451164
12453744
12453921
12455038
12455042
12455762
12456201
12457536
12457908
12460496
12460915
12461590
12461743
12461844
12462542
12462566
12462721
12462854
12463061
12464602
12464871
12465364
12465932
12466117
12466322
12466479
12467356
12467558
12467736
12468029
12469320
12469416
12469478
12469512
12469665
12470014
12470026
12470653
12470677
12471843
12472432
12472797
12472881
12473175
12473902
12477423
12477592
12478102
12479447
12480910
12481536
12481857
12482102
12482698
12483090
12483888
12484201
12484940
12487605
12492083
12492263
12493277
12493455
12493796
12493854
12494000
12494653
12494810
12497321
12497463
12497806
12499403
12502191
12502303
12505811
12506815
12506925
12507017
12507223
12507288
12507552
12509019
12509695
12510004
12510092
12511137
12511498
12511602
12512915
12513814
12514996
12518955
12519154
12519226
12519405
12519838
12520533
12521427
12521535
12522165
12522185
12522243
12522434
12525236
12528465
12530382
12530387
12532717
12533084
12538517
12543093
12543457
12543464
12545322
12547724
12548119
12548549
12548601
12548683
12548941
12549365
12550250
12550400
12552535
12554689
12554779
12554844
12555015
12555137
12555595
12556950
12557191
12559119
12561036
12561167
12562689
12563050
12563167
12563200
12563252
12563317
12566734
12567158
12567368
12567743
12568127
12571098
12571168
12571862
12572449
12573451
12573523
12574215
12574616
12575934
12575989
12577460
12578665
12580436
12580870
12581127
12581342
12581441
12581496
12583434
12585487
12585635
12585750
12585805
12588122
12588501
12593833
12594019
12597025
12598477
12601908
12602235
12602259
12604065
12605004
12606383
12606920
12609164
12609257
12609672
12611899
12611921
12613728
12614041
12615821
12617532
12618235
12618241
12620831
12621744
12623746
12623829
12625199
12626260
12627856
12628235
12628418
12628718
12628905
12630777
12631394
12632201
12632729
12633092
12634301
12637807
12639675
12639868
12641431
12642169
12642243
12642380
12642753
12644644
12644657
12644881
12645091
12646523
12646824
12647137
12647232
12648130
12648449
12648867
12649067
12649097
12649200
12649383
12650470
12650882
12651280
12652503
12653952
12654034
12654384
12654566
12654717
12654807
12655587
12660434
12665688
12667383
12668464
12668679
12681989
12682074
12682483
12684232
12685316
12687820
12688774
12690149
12690373
12696295
12697477
12697726
12698235
12698261
12700967
12701119
12701826
12703741
12703963
12705081
12705183
12708539
12708866
12713567
12714053
12716440
12719465
12719999
12724773
12725011
12729013
12729792
12729842
12731500
12731972
12732202
12733804
12736517
12736701
12739247
12741857
12742808
12742891
12746255
12746310
12746353
12748408
12748546
12754860
12755015
12755567
12756743
12756937
12759151
12759904
12762959
12765106
12766947
12770546
12771576
12771931
12772652
12773018
12773173
12778971
12781824
12782196
12782515
12782740
12782844
12786972
12787752
12787931
12793400
12795301
12797878
12802214
12805501
12805612
12806776
12812324
12812519
12812858
12815066
12817996
12818091
12820492
12822529
12824452
12824630
12830787
12831117
12831239
12833418
12833675
12839975
12840053
12840185
12840670
12841228
12844617
12844737
12844863
12844947
12845354
12845514
12850435
12850572
12851319
12852295
12852614
12853080
12853394
12854976
12855042
12857112
12858625
12859561
12859750
12859857
12861651
12861819
12862332
12862506
12862878
12864073
12864139
12864205
12864378
12864412
12864976
12866057
12867430
12867825
12870203
12870381
12871498
12871777
12873849
12874033
12874175
12874370
12876629
12877602
12879207
12879540
12879604
12879688
12879765
12879829
12880794
12881034
12882325
12882582
12886653
12886941
12891137
12891890
12894343
12894446
12894471
12894822
12894947
12895600
12895678
12898083
12898394
12902968
12903048
12903123
12903198
12903254
12903354
12903754
12903856
12904932
12905044
12905282
12905372
12905748
12906651
12909127
12909220
12909372
12909603
12911504
12912681
12912871
12913118
12915143
12915253
12915402
12915447
12920847
12925767
12930529
12934186
12936201
12940169
12944705
12950414
12955029
12955612
12965741
12968021
12971760
12974573
12976748
12983770
12983871
12984028
12985408
12985739
12985797
12985827
12985911
12986216
12986305
12987264
12989398
12989723
12992624
12992742
12994110
12994288
12995134
12997583
12997720
12998035
12998315
12998487
13001244
13001412
13002131
13002225
13003644
13003972
13004471
13006623
13006961
13007078
13007165
13013968
13014276
13014295
13014435
13014821
13019583
13020894
13021002
13021123
13026343
13030502
13034018
13035886
13036042
13036170
13037636
13037803
13040208
13044261
13044353
13044466
13046070
13049563
13052179
13054737
13055154
13055272
13058114
13058389
13058465
13058797
13058983
13060165
13062948
13066791
13069256
13069554
13076008
13076144
13076214
13080961
13083141
13086588
13088475
13091080
13091198
13091399
13094466
13095245
13096071
13096809
13096885
13096970
13097240
13100377
13100398
13100580
13102830
13103383
13106537
13106874
13106985
13107309
13107415
13112043
13119684
13119772
13120170
13127286
13127692
13128689
13128790
13129263
13131298
13133053
13133938
13134719
13134822
13134999
13138653
13138729
13141622
13141855
13142879
13142951
13145715
13145769
13146977
13147427
13147737
13152137
13154037
13157488
13159113
13160264
13163826
13168176
13177593
13178381
13180807
13180871
13181384
13182940
13183410
13184316
13189031
13193200
13193486
13195097
13195534
13195648
13195757
13198109
13199841
13201674
13201813
13201876
13202019
13204028
13204209
13204347
13207697
13207819
13208608
13208667
13209471
13211828
13213773
13216538
13216619
13216896
13217079
13220650
13224513
13224878
13224939
13225074
13229480
13229637
13229745
13229906
13230353
13230658
13230790
13230898
13230985
13232582
13233481
13234703
13235047
13235090
13235137
13235354
13238110
13245388
13247505
13249603
13250005
13250544
13250638
13250671
13250789
13251991
13254711
13254811
13254828
13254954
13255200
13258800
13260627
13260680
13260878
13260951
13261005
13261214
13261692
13261790
13261815
13261950
13263889
13263961
13263982
13264013
13264160
13264229
13264310
13264579
13264616
13268291
13268739
13268986
13269226
13269250
13271379
13274511
13277034
13277208
13280655
13280884
13280902
13287227
13288448
13288539
13288673
13289053
13289443
13293097
13296481
13298435
13300581
13300661
13301510
13302329
13304647
13304819
13309706
13309921
13310237
13310251
13310358
13312795
13313228
13313449
13313475
13317709
13317779
13318715
13318817
13319072
13319256
13319550
13319914
13323200
13325055
13325310
13325468
13325483
13325589
13325834
13328053
13328348
13328468
13328540
13328682
13328923
13329229
13330835
13330977
13334519
13334627
13335064
13335531
13336239
13337947
13338079
13340291
13340365
13341272
13341725
13342416
13342731
13344456
13344529
13344598
13344665
13345344
13345702
13345999
13346604
13346680
13346992
13347656
13348023
13348054
13348206
13348285
13348820
13348850
13349714
13349845
13352803
13353425
13353990
13354419
13356475
13356499
13357590
13357756
13359649
13359965
13361407
13361577
13362291
13362809
13363643
13363983
13364285
13364361
13365694
13365745
13366404
13366719
13372090
13372190
13372658
13374074
13374195
13374624
13379548
13380220
13381276
13381959
13382045
13383925
13384004
13384502
13384593
13384933
13385085
13385850
13385895
13387524
13387672
13387834
13388216
13389199
13389752
13390554
13390821
13391284
13392494
13392630
13393446
13393551
13394184
13395465
13395489
13397381
13397408
13397447
13397666
13398833
13398946
13401530
13401682
13401825
13401921
13403565
13405451
13406019
13414032
13414483
13417993
13418067
13420221
13420501
13424210
13425947
13425971
13434598
13434730
13437354
13438369
13439956
13440403
13440501
13444008
13444369
13444913
13447254
13448006
13448200
13448397
13449699
13450727
13450777
13453333
13453456
13454823
13455123
13455239
13455432
13455946
13456916
13457435
13460147
13462797
13462838
13463022
13463089
13463567
13464060
13464251
13464374
13464676
13466530
13467208
13467329
13467570
13468680
13469801
13471305
13471805
13472087
13473424
13473529
13473737
13473838
13474100
13474343
13475439
13475873
13476550
13480842
13480963
13486037
13488274
13488572
13488649
13490445
13490629
13491352
13494391
13494521
13495398
13495477
13497975
13499517
13499931
13508675
13511884
13515699
13516123
13516235
13516546
13526135
13526383
13526595
13529122
13531150
13532211
13535881
13536015
13536337
13536475
13537304
13539174
13540791
13543356
13543925
13544022
13546161
13547449
13548696
13548843
13548966
13549140
13549232
13549404
13549610
13550089
13550519
13550600
13550689
13550992
13551329
13551709
13551738
13552274
13553200
13553612
13554194
13554496
13554817
13555360
13555455
13555649
13556596
13558075
13559029
13559266
13559848
13560111
13561639
13562577
13562705
13562809
13563166
13563363
13563693
13564298
13564391
13564682
13564726
13564878
13565909
13565956
13565982
13566084
13566175
13566266
13566392
13566471
13568166
13568234
13569051
13569416
13570296
13570648
13572033
13572548
13572664
13573562
13575737
13576122
13578235
13578532
13578616
13579041
13581193
13581314
13582462
13584551
13585698
13586144
13586964
13591289
13591383
13594452
13594527
13598323
13598426
13598513
13598922
13600215
13601053
13601320
13601658
13601686
13601800
13601899
13601916
13602209
13605403
13609406
13611258
13611404
13611417
13611530
13611593
13611940
13612432
13614882
13618342
13626330
13675740
13678262
13694790
13702381
13704456
13704796
13706641
13706732
13707026
13707621
13707674
13707684
13707799
13707859
13707945
13708031
13708389
13708814
13709526
13709614
13709997
13710767
13711000
13711450
13711556
13712100
13712237
13712402
13712964
13713340
13713420
13713735
13714160
13714308
13714561
13714727
13714828
13714849
13715132
13715334
13715364
13715461
13716877
13716926
13717207
13717285
13717332
13717438
13717916
13718231
13718395
13718670
13719206
13719223
13719256
13719689
13719967
13720031
13720080
13720107
13721582
13721744
13723321
13723562
13723781
13724165
13725393
13728098
13733578
13737146
13737218
13739772
13740824
13741246
13741408
13741493
13742714
13743398
13743455
13745448
13745570
13746212
13749589
13749775
13749860
13755323
13755373
13755533
13755556
13758370
13758726
13759562
13760750
13760880
13761474
13763878
13764456
13764645
13764994
13766107
13766405
13766816
13769350
13773218
13777403
13777785
13785277
13785498
13788981
13789740
13790110
13801825
13802306
13808240
13815303
13820104
13820244
13820547
13825291
13826191
13826479
13826616
13826728
13826802
13826938
13829481
13829919
13831235
13831749
13833100
13833116
13833461
13833591
13834100
13835307
13835992
13836238
13836453
13836584
13837984
13838409
13838850
13838958
13840734
13840863
13841280
13841544
13842835
13843102
13843158
13843509
13843682
13843889
13845670
13845934
13845980
13846067
13846088
13847758
13848271
13848427
13850339
13850607
13851703
13854957
13855680
13855811
13859105
13859323
13860134
13860373
13860456
13861067
13861488
13861567
13861665
13863110
13863294
13863726
