1
4282
4505
4607
4923
12118
24995
26429
29399
31166
33186
37940
38070
40285
42387
42492
47074
49888
52301
52887
53500
53667
53765
53842
53929
54014
54072
55273
55337
55358
57145
57878
58038
61105
61782
61820
61885
62559
65278
65859
66502
69198
69301
71142
71598
71802
72381
72588
72815
73754
74649
76616
76764
77165
80859
81546
82925
83356
83404
86456
87026
87567
87685
88521
88948
89195
89585
91800
94997
95835
96067
96100
97251
97324
97514
97545
99186
99495
101086
102094
103451
103947
105480
105893
108294
112209
112303
112824
113410
113501
113681
114586
114737
116706
117095
117263
117964
118096
120460
120469
120529
120608
121173
122066
123085
123501
124281
126024
129065
129475
129644
129847
130227
130286
130364
130564
130953
130954
131036
137712
141088
143721
148865
149019
149550
151956
152659
154143
155789
155954
159471
159824
159954
163039
163161
163270
163534
164070
166510
167036
169356
169921
170571
170590
171427
171521
171693
175753
176160
176453
180581
183159
187967
193063
193459
195826
199086
199484
199603
206355
206934
209893
209987
210552
210683
211072
211578
212061
213746
213826
213849
219184
219245
226585
232534
233371
234246
237220
241825
241887
241908
245817
248706
253864
254048
254332
254381
254454
254611
257125
257205
258948
259034
259282
261491
261623
265856
266127
267190
271674
271689
271756
271805
272121
272508
272818
276813
276992
278086
278224
279824
280022
281273
281604
281771
282324
282767
282846
285504
285780
285900
286231
287654
287847
288027
288166
288574
289398
289506
289767
290136
290355
290804
291192
291353
291460
292019
292151
292706
292956
294110
294495
297050
297127
305259
305498
307637
307822
312556
316515
316816
319594
321525
321615
322782
340370
340959
342095
343935
344203
348522
348648
350991
356048
356103
356146
356924
360126
360255
360531
360598
360800
360881
361474
362076
362150
362591
362691
363663
363793
364028
364494
364532
365289
365774
366206
366268
366429
367143
367469
367640
367739
367966
368088
368193
368405
369181
369274
369561
371233
371605
372772
372937
373100
373216
373368
373421
374031
374107
375157
378287
378575
382017
382874
387142
388651
389036
391636
391734
391823
394726
394825
394935
399165
399238
401032
402425
403806
405823
406075
408899
408927
409004
413512
413592
414018
415679
415785
416013
417599
418230
419864
420013
420306
421166
423643
426171
428231
428268
428418
430413
441338
446898
447068
447210
449566
449664
450515
451582
453556
453687
455452
455779
458872
459414
459758
459869
466185
466684
466718
466854
468663
468814
469151
469384
471001
471048
471185
471360
471457
471625
472567
472635
472776
473064
473303
473437
475430
475521
477037
477235
478622
479008
479191
479445
480242
480286
481001
481224
481293
482087
482229
482313
482900
483104
483923
484432
484586
484699
485190
485285
486376
486525
486784
487285
487327
487699
488724
488750
489893
491386
491679
492029
492403
492448
492645
492683
497832
501000
502560
503251
503848
504204
505042
510737
511208
514343
515862
526701
533095
535629
536070
536167
537945
538521
542509
547351
547914
549855
555339
563186
566296
566476
567047
567849
567990
571584
573598
580796
582720
582855
584501
585622
586872
596457
597168
598336
600318
600480
603281
603364
603834
608672
610148
610656
612606
612797
614465
615268
615603
616909
618906
619190
621844
621947
622346
622461
625233
625295
625324
630647
634181
636846
638219
638803
640151
650544
650581
655425
665139
665214
665612
668333
668457
668617
669400
671091
681646
687506
687609
689094
690060
690883
691265
691382
692077
692352
692604
695352
696370
696502
697928
698107
698241
698415
699776
700850
703633
703769
708949
711722
714291
714807
722488
725238
726499
726743
726914
730982
738322
738564
740129
748125
753417
753947
754413
755092
755609
755652
755887
756022
758048
758194
758312
758900
759368
762281
762504
762822
766387
767917
768116
769829
781870
782626
783213
783715
784749
789937
790124
790631
791188
792101
792276
792394
792625
793190
793394
796049
796153
796295
796436
797973
803127
804229
805085
810394
822806
826518
830327
830934
840131
842585
843362
845769
850226
851010
851435
853671
866055
866191
873368
873793
875612
882064
891113
891786
891974
896228
899825
907743
909955
910591
910708
912010
912790
917423
929680
933578
938089
940395
941914
946042
946165
947534
947713
949446
949820
951352
951621
952016
953690
953760
953872
956271
956500
956815
957433
957814
960799
961121
961935
961937
962061
962313
964558
964644
964788
967123
967138
967290
967478
968046
969131
970764
971953
972858
974613
974910
975689
976015
978622
979285
981020
981165
983583
985768
986145
986223
986294
987859
988112
990538
992263
992710
994698
994769
995260
996843
998888
998967
1002657
1005351
1028360
1028576
1028677
1031440
1031620
1031984
1033057
1034678
1034763
1041164
1041269
1046209
1049282
1049392
1050698
1051283
1051368
1051432
1051639
1053574
1054185
1055012
1055241
1056723
1061912
1065518
1068394
1070337
1071735
1071805
1081767
1081787
1082057
1086685
1086797
1087008
1088104
1088559
1089643
1089650
1090601
1092843
1095459
1095779
1098039
1098123
1098580
1098705
1099989
1102257
1102765
1108816
1108919
1110518
1111315
1112873
1114086
1115240
1115363
1116092
1118848
1120903
1121126
1122779
1122827
1122861
1122936
1122975
1122996
1123015
1123075
1123109
1123151
1123921
1126139
1126230
1128732
1130593
1130647
1134643
1137879
1140377
1143218
1144527
1144614
1146143
1146187
1146354
1146487
1148499
1151032
1153113
1153186
1161433
1161905
1162074
1162682
1164524
1167669
1169191
1171029
1174216
1175528
1177158
1181683
1182672
1185957
1187029
1192910
1201298
1204314
1204709
1205520
1206477
1206979
1207301
1207741
1208973
1209232
1209732
1211739
1213302
1213424
1223773
1223940
1228881
1228970
1229537
1231400
1237173
1237189
1237360
1237796
1240601
1241767
1243238
1244044
1244279
1244381
1244689
1245822
1248470
1251618
1252281
1252361
1252555
1253939
1255995
1265919
1269484
1270886
1271503
1277445
1278213
1279015
1279729
1279836
1280590
1280833
1281413
1284092
1284493
1284746
1286230
1289060
1289275
1291780
1291869
1291998
1292135
1293569
1293663
1296293
1296332
1296487
1296618
1297562
1297991
1298222
1298266
1298559
1298665
1299130
1300443
1302628
1303322
1304347
1304774
1306688
1307268
1308072
1308377
1308748
1308830
1310770
1315609
1316163
1325441
1330135
1331562
1332300
1335941
1336473
1336856
1338207
1341515
1345548
1347121
1347191
1347367
1347615
1348915
1349774
1351174
1351382
1351704
1354091
1354723
1355061
1355581
1355964
1356631
1357086
1357385
1357961
1358545
1358845
1360498
1362430
1362936
1364383
1365006
1381793
1385455
1385889
1385973
1399404
1402410
1403266
1403371
1403630
1403873
1411380
1411510
1412808
1413817
1419363
1419624
1419625
1419636
1424245
1424337
1428833
1428961
1429131
1431094
1431239
1431448
1431545
1434242
1434373
1443373
1452034
1452561
1452621
1455214
1455397
1456350
1456880
1457436
1458239
1462128
1462710
1463148
1464182
1464905
1465096
1466226
1467473
1467806
1468179
1469339
1469679
1470231
1470309
1470410
1470435
1472765
1472840
1472918
1473379
1475273
1476603
1477447
1480135
1480430
1482000
1485922
1486415
1486701
1489321
1493368
1495390
1495478
1500252
1500359
1500648
1504494
1504639
1509106
1513717
1516673
1520576
1520931
1521222
1521670
1523183
1523523
1523587
1523653
1524153
1524672
1525138
1525268
1525456
1525724
1526844
1527012
1530690
1531015
1531214
1533228
1533291
1533412
1533530
1533664
1536271
1538636
1543559
1552265
1553302
1556701
1557743
1558179
1558289
1559495
1564995
1566244
1566481
1566635
1566880
1572160
1576710
1579963
1586042
1587252
1589067
1593201
1597143
1598343
1601119
1617226
1619454
1627957
1630382
1630962
1631269
1632419
1632856
1633272
1633459
1634207
1635143
1635267
1636507
1636625
1636751
1636890
1637379
1640938
1641269
1643284
1644069
1644160
1644268
1644755
1646146
1648323
1648452
1648746
1648951
1650022
1652548
1652648
1654666
1655870
1657481
1657728
1657921
1659145
1660030
1661336
1663152
1663334
1664231
1666655
1667243
1667284
1668958
1669514
1669717
1670393
1671086
1671289
1671560
1672048
1672575
1672833
1673303
1675332
1675449
1675524
1677714
1677859
1679825
1680101
1680471
1680570
1682663
1684056
1684230
1684316
1684417
1684489
1684564
1684684
1684744
1685640
1686187
1686214
1686496
1687742
1688741
1688765
1689937
1690779
1691121
1691220
1691252
1691452
1691723
1692669
1692685
1693262
1693357
1693399
1694456
1694534
1694840
1694971
1695081
1695105
1695217
1696379
1696467
1696973
1697004
1697404
1698478
1699065
1700922
1701082
1701247
1701443
1701958
1703057
1703357
1703443
1704005
1704208
1706109
1706342
1708455
1708536
1709715
1709848
1710173
1711534
1711721
1714167
1715153
1715251
1718083
1719668
1719962
1720046
1720165
1720448
1721591
1722178
1722669
1726855
1726878
1729290
1730305
1731282
1731431
1732281
1732525
1733425
1735811
1737325
1737389
1738924
1742527
1744796
1744991
1745723
1746001
1748150
1748252
1750851
1751087
1752347
1754789
1759012
1760879
1762396
1762730
1762828
1763917
1768550
1770405
1772328
1775148
1776376
1780983
1781351
1782625
1782723
1783558
1783748
1784412
1784888
1784921
1785006
1785183
1786629
1787546
1788111
1788762
1788833
1788976
1789478
1790536
1790643
1790677
1792719
1796858
1798005
1799862
1803414
1805336
1812320
1816045
1818236
1819476
1830609
1830698
1831474
1832236
1832875
1832972
1834744
1837045
1838076
1842855
1843421
1846495
1853563
1854635
1855971
1857068
1857164
1861533
1861961
1862638
1862713
1862843
1863000
1865335
1865458
1868203
1868904
1870375
1872718
1872842
1876529
1876716
1878753
1881343
1882047
1882698
1882792
1889742
1893768
1903488
1904165
1905643
1907158
1909728
1911775
1917730
1918666
1923757
1930774
1934766
1937077
1939568
1941697
1942185
1945436
1945857
1946217
1952497
1953038
1954389
1956970
1959474
1961831
1962276
1963217
1964032
1964149
1967106
1969288
1970685
1972213
1974528
1974786
1974913
1976493
1977388
1989272
1993215
1994387
1994531
1995267
1995639
1997657
1998540
1998731
2000188
2001307
2001447
2001765
2001913
2002335
2002647
2006701
2007123
2007457
2007966
2008104
2008625
2008948
2011028
2011175
2011205
2011612
2015383
2015536
2016637
2018703
2021012
2021157
2023352
2027221
2027298
2027805
2028914
2029575
2031373
2031916
2033015
2033574
2033903
2034110
2034220
2035713
2035844
2036351
2037415
2038168
2038301
2038350
2038737
2040532
2040664
2042124
2042201
2043644
2044914
2045608
2045680
2046264
2046334
2047478
2047648
2048339
2048822
2048950
2049725
2049882
2050075
2050607
2051786
2052366
2052382
2052906
2054904
2056399
2057372
2057489
2058697
2061003
2061051
2062588
2063475
2063735
2064390
2064559
2065464
2065794
2066183
2067530
2068201
2070586
2071239
2071311
2071815
2072333
2073186
2073493
2075631
2078428
2080047
2083500
2084125
2084222
2084640
2085963
2086717
2087114
2087904
2088114
2088299
2088389
2088752
2089116
2089233
2089269
2090736
2090890
2091880
2092063
2092786
2094318
2095570
2101077
2109817
2110599
2113582
2113670
2113769
2115799
2115991
2119045
2119144
2121606
2121841
2132843
2134267
2135670
2139222
2146423
2148187
2149362
2150512
2153378
2153807
2154096
2154312
2154573
2154601
2155380
2156133
2156174
2157701
2157841
2158041
2158122
2158324
2158773
2158809
2158904
2158999
2159148
2159363
2159435
2159969
2160009
2160165
2161108
2161177
2161212
2161757
2161839
2161908
2161944
2162248
2162585
2163004
2163311
2164142
2164201
2165165
2166075
2166121
2166169
2166635
2166743
2166887
2168147
2168317
2168432
2168467
2168898
2169001
2169393
2170837
2171231
2171333
2171611
2171947
2174221
2175808
2178619
2179833
2180096
2182178
2182742
2183506
2184568
2184710
2187274
2187440
2188058
2188408
2188547
2190424
2193653
2197132
2198543
2199562
2199605
2200034
2200361
2201485
2202223
2204168
2205173
2205976
2207285
2208773
2209107
2209564
2209649
2211911
2212064
2214682
2216396
2216667
2216709
2216969
2216981
2218113
2219161
2219336
2219655
2220358
2220507
2223367
2229350
2229441
2232309
2234312
2236318
2236662
2238192
2238934
2239486
2239539
2239634
2239659
2240570
2241764
2242264
2243268
2243693
2248623
2250141
2250767
2250867
2251145
2251259
2251658
2252673
2254061
2255542
2256030
2257543
2257619
2259354
2259764
2262547
2263755
2263859
2266193
2267756
2269263
2273232
2273379
2273443
2273842
2274790
2274875
2275376
2275580
2275646
2275981
2276711
2276872
2277585
2277638
2277840
2278916
2278981
2279727
2279805
2281244
2281682
2281768
2282225
2283824
2286588
2286749
2289153
2289199
2289267
2289796
2289907
2290907
2293112
2293611
2298522
2301177
2303616
2307261
2307350
2309632
2311025
2311471
2311583
2313148
2313830
2317925
2318161
2318969
2319968
2320383
2320494
2320944
2322209
2322275
2322407
2323150
2323379
2325738
2325810
2326345
2326754
2328009
2328060
2329700
2329928
2330060
2331549
2331654
2332051
2332140
2333062
2334002
2334075
2334194
2334276
2334454
2334482
2335119
2335546
2335624
2336797
2336899
2337458
2338788
2341816
2342603
2343062
2343825
2343900
2344831
2345575
2345790
2346164
2347359
2349867
2349947
2350099
2350497
2350622
2353737
2353873
2354389
2354772
2354996
2356500
2357436
2357515
2359371
2364624
2364804
2366811
2367316
2369269
2369340
2371220
2371272
2371376
2373506
2373889
2373965
2374048
2374623
2375795
2379289
2383220
2396703
2396792
2398491
2398591
2399114
2399605
2403334
2407174
2407383
2409629
2410766
2411034
2415441
2420059
2421966
2422480
2422562
2424509
2425016
2425026
2426351
2427574
2427752
2430549
2431008
2431087
2432113
2433227
2433299
2433432
2435439
2436872
2441237
2446555
2446797
2447577
2449479
2452499
2455844
2458761
2458878
2460808
2460984
2462756
2462878
2466692
2466785
2468334
2468687
2469366
2469981
2472959
2475673
2480946
2481020
2481597
2483266
2492382
2494924
2497629
2501840
2503403
2504626
2506731
2508784
2508896
2514337
2514804
2520067
2520283
2520665
2520777
2522189
2524817
2527788
2530290
2531218
2531342
2532417
2532589
2533519
2533543
2533640
2536886
2538349
2538576
2543015
2545153
2546278
2546366
2546403
2546521
2547689
2549107
2549175
2552047
2555514
2557961
2560898
2579491
2580728
2580960
2581064
2581672
2582493
2582674
2582684
2583987
2586641
2586806
2590256
2590749
2592614
2592731
2594760
2597777
2599335
2599406
2599437
2599740
2601926
2604699
2604931
2605993
2606824
2608051
2608129
2609082
2609177
2609401
2610020
2615122
2615205
2615691
2617508
2617531
2617587
2617688
2617749
2618115
2622567
2623192
2623263
2624374
2624455
2626674
2628953
2629003
2635831
2635838
2637433
2638521
2639835
2640736
2646149
2646294
2647946
2649398
2649462
2649561
2649820
2656279
2656366
2656450
2656672
2659107
2660710
2663215
2663708
2664368
2667792
2668215
2668480
2669399
2670062
2671897
2672058
2674390
2675588
2675684
2676737
2677285
2677320
2678457
2681170
2683147
2684548
2684625
2684706
2684821
2684959
2685239
2686260
2686581
2688017
2688090
2688194
2688389
2688882
2693219
2693240
2693291
2700607
2704606
2708372
2709556
2710321
2710540
2712180
2712986
2714424
2720919
2721527
2721600
2721754
2724328
2725243
2725409
2728884
2729509
2729928
2730379
2731001
2731162
2731242
2733156
2733619
2733725
2733937
2734077
2734443
2734617
2735246
2735513
2736668
2737239
2737256
2737850
2737924
2738018
2738346
2739532
2739649
2740684
2741122
2741415
2742936
2743059
2743162
2743736
2744733
2745006
2746576
2747459
2748287
2749072
2749517
2751615
2751705
2753387
2753616
2753814
2758517
2760990
2761040
2761086
2761338
2763420
2763584
2763695
2764469
2765111
2767441
2769176
2770317
2770850
2772899
2772945
2773188
2773245
2773337
2773506
2774757
2774901
2776027
2776726
2778376
2778778
2780368
2780785
2782556
2783928
2784235
2784703
2785711
2786050
2786477
2787579
2789088
2789303
2789369
2789401
2789510
2790473
2792309
2792318
2792355
2795549
2796035
2798174
2798527
2798829
2800215
2801262
2803730
2805319
2807645
2807885
2809186
2809955
2810057
2810110
2810311
2811304
2811537
2811883
2812015
2812253
2813380
2813463
2813681
2814814
2817052
2817689
2819135
2820152
2820606
2822424
2822687
2823531
2823687
2824946
2825019
2826257
2827801
2829815
2830039
2830178
2831279
2831742
2832524
2832671
2834953
2836736
2836884
2837450
2838227
2839159
2840778
2841159
2843052
2843665
2845332
2845577
2845894
2846747
2846821
2847935
2848077
2848299
2851406
2851709
2851826
2851926
2853841
2854792
2855958
2857410
2857447
2857493
2857745
2858459
2861405
2864306
2865390
2865663
2867766
2868167
2870670
2870729
2870799
2873917
2874222
2874355
2874447
2876770
2876871
2877365
2877474
2878465
2878543
2879703
2880803
2883628
2883689
2884402
2885316
2885366
2885632
2885810
2887422
2889654
2889722
2889827
2890278
2890363
2892192
2892268
2893167
2893593
2893771
2894914
2895675
2896055
2896566
2897321
2897402
2897481
2898631
2898706
2898757
2901443
2901493
2903244
2905562
2905694
2908741
2911905
2914289
2920012
2923700
2924534
2924570
2925395
2925729
2925914
2926553
2926684
2927771
2928974
2929018
2929738
2930449
2931914
2933959
2935183
2937216
2939030
2945916
2947579
2947653
2948809
2950337
2950511
2950904
2954919
2955425
2956767
2957360
2957961
2959721
2959742
2959905
2960054
2961473
2961611
2962989
2964135
2964277
2966172
2969373
2970757
2973952
2974994
2975796
2977895
2980585
2982097
2983206
2983429
2983679
2983827
2985253
2985415
2987068
2987153
2987268
2989580
2989940
2990073
2990153
2990157
2990174
2990184
2990404
2990488
2990517
2990574
2990609
2990709
2990821
2992250
2992271
2992330
2992428
2992493
2992531
2992657
2992671
2992838
2992964
2993718
2993781
2994259
2994342
2994357
2994372
2994614
2994635
2995697
2995715
2995724
2995737
2995910
2995931
2996109
2996141
2996574
2997835
2998623
2998645
2998695
2998708
2998729
2998862
2999021
2999055
2999154
2999190
2999415
2999454
3000149
3000765
3004756
3010265
3010969
3011709
3012443
3013575
3013702
3014840
3015186
3015415
3015572
3015963
3016661
3017002
3017291
3017344
3018590
3018748
3018789
3018913
3019843
3019903
3020404
3020482
3020719
3020795
3021943
3022033
3022075
3022681
3022770
3023117
3023267
3023748
3023915
3024120
3024757
3024814
3026877
3026942
3027256
3028509
3031008
3032245
3032320
3034293
3034416
3035220
3035669
3037640
3037864
3038118
3038125
3038354
3038396
3038615
3040464
3040564
3040640
3045621
3049582
3049813
3051862
3053881
3054100
3055855
3058397
3059626
3059889
3060269
3060894
3061235
3061316
3065202
3066329
3067576
3070274
3071223
3074520
3075663
3075953
3079735
3080110
3081605
3083744
3085169
3085678
3085966
3087962
3088056
3088269
3090468
3090680
3090786
3093247
3094826
3094897
3097503
3098923
3103616
3116892
3118540
3118648
3123213
3123503
3124819
3128793
3135168
3138101
3145056
3147526
3147611
3147970
3149851
3150722
3158583
3161186
3161264
3162221
3163370
3163501
3164418
3165535
3165659
3170335
3172614
3172636
3182303
3183721
3185660
3191517
3191640
3193505
3196898
3203684
3205574
3206883
3208583
3210489
3211002
3217333
3225752
3227699
3228000
3228126
3235378
3235507
3235932
3242059
3245575
3246490
3247284
3247966
3249725
3258821
3259316
3260309
3271123
3271191
3278782
3278935
3279498
3283421
3284071
3286051
3287840
3288393
3289406
3289476
3292656
3293858
3294048
3294368
3294434
3294688
3295056
3296836
3297337
3297634
3297690
3297722
3297874
3297997
3298763
3299025
3299168
3300097
3300135
3300245
3301736
3302248
3303981
3306196
3307470
3307931
3307957
3308042
3308178
3308380
3311328
3312723
3315270
3317280
3319174
3321581
3321736
3323701
3323888
3325975
3326201
3330035
3330223
3330324
3334211
3334916
3339193
3346145
3347819
3356289
3357135
3357734
3357813
3358049
3358851
3359028
3361315
3361605
3362816
3363303
3366508
3368205
3368751
3369519
3369540
3369628
3370535
3372236
3374860
3374945
3375210
3377802
3377889
3377988
3383032
3384477
3386049
3386932
3387042
3387519
3389382
3391995
3392547
3392650
3393489
3393816
3394784
3394875
3395751
3396937
3400972
3401687
3403207
3403529
3403605
3404292
3404303
3404410
3404491
3404567
3405006
3405109
3405251
3405965
3406133
3407262
3407309
3407361
3407385
3408396
3409106
3409400
3409463
3411050
3411250
3411571
3414048
3416159
3416243
3418257
3418333
3418517
3418901
3418993
3420485
3420607
3420818
3421000
3424954
3425017
3425165
3425295
3427322
3427474
3429448
3429967
3430519
3431668
3431744
3432003
3432567
3433466
3434209
3434401
3436229
3438094
3438163
3439204
3439424
3439529
3441859
3441943
3445520
3445609
3445656
3447888
3448232
3448976
3449256
3450186
3451292
3451359
3455549
3455832
3457081
3457181
3460073
3461692
3463245
3463714
3466293
3466629
3466763
3466888
3468084
3471141
3471573
3475743
3476817
3478432
3478502
3478960
3479472
3479658
3480401
3481471
3481560
3481959
3482719
3484458
3485139
3485572
3485693
3486908
3487935
3489026
3489133
3499800
3500614
3500878
3501206
3501566
3501663
3503694
3504998
3506280
3508094
3508163
3508526
3508681
3508717
3510636
3511008
3511098
3515723
3516650
3516861
3517456
3517563
3518182
3522590
3523182
3523436
3523546
3523578
3526107
3529193
3530587
3530812
3534133
3536482
3538671
3550055
3552736
3557410
3558248
3559541
3564505
3564659
3564909
3568109
3568201
3570446
3570766
3574430
3576031
3576109
3576609
3577784
3577812
3577865
3578358
3578905
3579129
3579990
3580080
3580280
3580734
3582734
3582838
3582873
3582968
3584560
3588145
3588504
3588608
3592886
3592989
3593571
3595324
3595583
3598659
3598753
3599642
3599716
3601788
3601926
3602113
3611469
3614223
3614367
3618384
3619353
3619527
3620151
3624815
3625148
3625261
3627030
3634575
3635066
3635191
3638140
3638267
3638588
3640040
3642387
3642707
3643181
3651612
3654617
3657043
3659047
3659726
3666411
3667032
3667210
3669841
3670216
3670513
3671528
3671611
3672851
3673920
3673995
3674027
3674261
3675544
3675615
3675692
3676908
3678052
3679103
3680542
3680963
3681081
3681659
3684909
3685001
3685281
3686058
3687608
3688048
3691384
3691620
3691727
3692230
3692311
3694273
3695319
3695562
3695620
3695631
3695952
3696308
3697417
3698000
3699684
3700247
3702890
3706632
3710068
3715653
3715780
3716845
3718181
3721008
3721526
3721613
3721716
3723483
3724883
3726164
3728151
3732038
3737267
3739115
3746707
3746871
3748145
3749478
3749545
3749715
3752525
3752558
3752783
3752803
3754779
3755283
3755372
3755480
3755606
3757123
3757202
3757619
3757816
3758897
3764965
3771256
3774661
3785153
3785833
3786354
3786751
3786910
3789675
3793775
3795756
3795855
3795886
3796910
3797008
3803686
3804869
3805178
3806366
3806607
3808787
3808903
3811012
3815911
3818535
3818661
3819189
3821330
3824277
3824526
3824709
3825087
3825244
3828599
3828706
3830006
3832372
3837336
3838579
3838890
3839063
3840155
3843540
3844515
3845025
3845917
3850729
3852662
3855291
3856319
3858699
3864122
3864145
3866367
3866615
3870921
3872769
3873669
3875092
3881362
3881364
3881623
3881724
3887434
3889337
3891976
3894792
3897339
3897698
3901660
3912305
3915397
3915418
3915538
3917185
3917186
3918810
3919203
3919681
3919702
3921340
3924402
3924546
3924788
3924905
3926655
3926818
3926818
3926926
3926926
3928529
3928581
3928907
3933799
3933968
3935848
3940227
3942518
3944538
3946318
3948162
3948737
3963206
3965302
3966616
3967176
3970190
3971772
3971789
3976223
3976699
3977527
3977770
3979119
3979617
3979779
3984240
3984853
3987085
3988451
3988463
3988689
3988761
3988794
3988870
3989024
3991455
3991864
3993981
3994087
3994218
3995720
3995966
3997856
3998409
3998482
4000151
4007708
4007795
4008147
4010670
4012774
4012846
4017856
4025463
4028977
4030217
4032256
4032264
4032717
4032941
4033960
4034562
4040427
4040981
4044026
4044104
4045081
4045893
4045962
4046227
4047199
4047384
4048094
4048713
4050205
4051883
4052584
4055497
4055618
4056046
4056146
4056917
4057742
4058655
4060028
4060755
4062217
4064837
4067667
4070204
4072017
4072720
4079277
4081483
4082289
4083186
4084360
4086019
4086585
4088143
4088533
4092651
4094737
4095464
4096877
4097889
4101850
4102047
4102433
4104100
4105979
4106234
4107576
4107673
4110168
4111171
4111332
4113496
4113778
4113964
4115823
4118965
4123912
4124574
4127595
4130845
4130917
4131691
4131787
4140291
4140909
4140975
4140984
4143088
4143731
4144577
4144834
4144996
4147019
4147368
4147510
4151598
4151697
4152321
4152420
4155955
4156314
4156464
4156630
4162030
4165022
4165090
4165761
4168107
4168271
4169657
4170044
4170622
4170780
4170953
4172883
4173282
4173363
4173590
4174407
4174699
4174865
4175956
4176138
4177267
4178163
4180290
4180354
4180445
4182133
4182387
4182418
4182523
4183100
4184217
4185207
4185405
4185482
4185991
4186092
4187590
4188247
4194022
4194377
4198082
4198730
4199553
4199568
4206322
4208909
4211146
4211511
4211811
4213890
4215259
4216750
4216875
4218375
4218449
4218522
4218602
4218795
4218880
4218901
4220417
4220477
4220518
4220567
4220605
4220668
4220783
4221486
4222232
4222521
4222867
4222941
4223367
4223465
4223705
4224274
4224767
4224956
4225321
4225467
4225910
4230147
4230738
4231322
4231639
4231698
4231729
4232794
4233114
4236302
4237883
4238280
4238367
4239602
4242252
4244927
4247134
4248714
4256016
4257482
4265597
4267631
4267867
4275836
4276018
4277778
4282634
4286444
4292032
4300772
4300797
4301649
4310977
4319314
4328918
4329318
4341297
4342158
4342704
4344527
4349655
4351769
4359742
4359868
4360549
4360669
4368742
4370775
4374076
4384322
4384342
4384781
4386678
4386799
4388577
4390809
4391975
4392056
4395062
4396937
4397075
4401224
4401416
4417717
4417813
4417897
4417910
4417987
4417999
4422710
4434030
4434391
4434480
4434822
4435379
4435495
4436324
4436394
4437896
4437969
4438293
4438449
4438616
4439392
4439625
4439985
4440306
4440368
4440810
4441618
4441687
4442062
4442293
4442993
4443407
4443487
4443958
4447661
4449201
4449264
4449787
4451138
4451646
4451875
4451926
4452034
4455551
4455618
4456183
4458317
4458384
4458605
4459035
4460766
4460851
4461073
4461595
4463629
4465165
4477094
4478273
4478348
4478729
4481708
4483602
4484104
4485228
4485435
4487351
4490932
4492704
4492809
4494156
4494536
4495128
4496874
4497049
4497514
4498522
4498980
4500314
4501468
4504397
4504539
4509379
4516740
4516838
4519743
4526039
4526152
4526163
4526175
4529074
4530960
4533528
4533657
4533708
4535379
4536127
4536272
4539946
4540116
4540363
4542408
4547187
4548209
4548234
4550968
4553310
4556465
4561001
4561331
4562147
4562750
4565347
4565480
4568029
4568148
4569602
4573508
4573596
4574130
4582038
4587719
4587788
4588152
4591967
4594733
4596342
4598423
4605995
4609353
4612725
4612934
4613223
4613925
4614597
4623549
4624340
4638222
4640722
4647592
4648201
4649154
4650443
4650637
4652612
4654515
4658052
4658508
4658843
4660675
4661527
4663152
4663232
4663418
4664496
4664837
4664939
4665380
4665567
4666048
4666377
4668211
4668304
4671200
4671344
4672953
4674342
4674531
4674923
4675055
4676369
4676652
4676800
4677150
4678006
4678142
4678398
4678518
4678564
4678989
4679332
4679939
4680020
4680175
4681394
4681455
4681530
4681669
4682100
4683386
4684199
4685315
4685767
4686174
4689498
4690013
4692616
4694187
4694227
4694837
4697111
4697195
4697509
4697614
4697820
4701252
4701339
4704103
4712266
4712280
4712429
4717336
4717739
4718375
4720049
4720219
4722909
4723106
4723215
4731171
4731278
4732700
4732763
4732834
4732915
4733076
4733598
4734542
4734690
4736056
4736445
4736599
4737580
4737693
4737827
4741190
4741259
4741346
4741473
4742590
4742754
4743056
4744204
4746168
4747104
4747237
4748975
4750560
4754220
4754930
4754978
4755642
4756505
4756613
4759851
4760351
4760544
4761007
4761094
4761710
4762051
4762127
4762351
4763030
4763232
4764606
4764670
4765519
4765671
4766636
4766715
4767309
4767408
4767603
4768967
4770054
4770794
4771805
4778161
4779689
4779784
4779923
4783866
4784129
4784386
4785490
4785721
4785825
4785939
4786675
4786781
4786991
4787064
4787123
4794108
4795180
4795587
4797096
4797247
4797548
4799221
4800018
4800413
4801256
4801877
4801966
4802437
4803644
4805462
4806255
4806293
4809036
4810872
4814284
4814416
4816803
4817154
4817264
4823398
4824298
4824467
4824710
4825241
4832396
4832918
4833006
4833701
4833814
4834455
4838025
4838169
4841003
4841482
4843014
4844601
4844760
4844964
4847904
4848074
4848231
4848441
4848562
4855821
4857952
4858051
4864195
4870837
4871327
4871723
4871844
4877231
4886855
4887209
4892025
4892037
4892109
4893144
4893252
4894496
4895188
4896037
4897630
4899701
4899771
4900174
4900254
4900966
4903611
4903689
4903851
4903981
4905332
4905668
4905729
4908053
4908507
4910960
4911065
4911365
4911520
4915125
4915273
4918120
4919867
4919882
4919981
4925658
4925728
4926896
4927850
4928944
4930321
4931360
4933312
4933565
4935398
4937583
4937717
4940527
4941484
4941563
4944163
4944563
4945475
4945927
4946431
4947199
4949488
4952536
4952989
4953497
4955515
4955726
4957426
4957533
4957724
4959418
4959465
4961598
4962917
4966479
4967202
4967669
4968768
4968806
4968969
4969100
4969300
4969378
4973219
4973628
4974005
4975919
4976003
4976198
4978790
4989814
4990180
4998442
4999119
5001848
5002003
5003554
5003706
5003807
5004930
5005050
5005496
5006324
5008647
5008909
5009002
5010034
5011214
5014441
5015615
5015718
5016258
5017004
5019592
5029270
5031311
5031757
5031853
5038331
5040001
5040073
5040762
5043839
5047799
5048086
5048178
5048979
5050809
5053661
5054546
5056365
5058518
5059107
5060684
5060809
5061813
5062110
5063378
5063899
5064348
5066878
5072155
5078826
5084072
5089362
5092958
5094995
5095804
5095911
5096172
5100070
5100297
5100420
5100578
5106022
5106136
5106505
5108794
5110913
5110942
5111890
5113198
5114394
5116470
5117634
5121533
5121914
5122731
5122809
5122867
5123022
5123230
5123432
5123675
5125516
5129809
5130747
5131362
5132195
5132338
5134414
5134803
5137086
5137179
5137713
5137873
5137991
5138186
5140121
5140139
5140410
5141589
5141795
5141937
5143658
5145808
5146051
5146238
5146972
5147771
5147921
5148238
5148388
5150247
5150356
5150506
5150527
5151901
5152161
5152510
5152530
5152877
5153105
5153754
5153956
5154801
5154922
5155619
5156424
5166426
5167192
5169895
5170030
5171015
5177069
5177163
5183040
5183520
5185961
5189652
5191860
5192117
5192987
5194436
5195284
5195401
5196492
5196737
5198417
5198607
5198859
5200278
5200377
5200584
5200770
5202422
5202538
5202963
5203171
5203184
5203341
5204788
5205198
5205292
5205407
5205573
5207137
5207290
5208444
5208994
5210056
5210129
5210236
5211619
5211650
5211793
5212108
5214342
5216227
5217203
5218222
5218311
5218376
5219002
5220162
5220582
5220668
5222164
5224220
5224350
5225068
5226128
5226979
5227054
5227952
5228860
5228899
5228946
5229304
5229787
5230989
5231989
5233762
5235017
5235028
5236956
5238113
5238736
5240656
5240678
5241490
5243837
5245032
5245376
5246329
5246366
5247100
5248984
5249739
5250071
5250895
5251175
5253686
5254545
5255316
5255794
5257131
5257625
5258197
5259831
5260010
5260070
5261470
5262352
5262442
5262802
5263072
5263202
5264908
5265559
5269780
5269948
5269976
5270309
5271967
5272117
5272500
5273138
5273196
5273225
5273494
5273544
5274507
5274902
5276212
5276414
5276570
5276727
5278394
5278470
5278517
5278540
5278680
5279012
5279139
5279228
5281180
5281612
5281747
5281791
5281881
5282322
5283172
5283253
5286417
5287829
5294643
5295267
5297735
5298439
5299089
5299838
5299913
5303963
5311453
5311779
5311850
5311894
5320647
5323143
5328536
5329903
5330319
5337594
5342271
5342510
5343909
5345920
5346063
5346352
5352560
5352638
5352840
5353259
5355398
5355529
5355621
5356334
5357902
5359993
5360222
5362501
5362665
5367129
5367630
5367715
5373401
5373503
5374160
5379549
5379892
5383164
5383722
5385378
5389773
5400400
5400795
5401084
5404806
5411336
5411523
5415249
5415338
5415788
5421624
5421755
5424687
5428996
5429763
5431362
5431470
5431518
5432592
5434670
5434771
5434982
5440308
5440603
5440980
5441077
5441176
5441195
5443844
5443952
5447791
5449523
5450145
5459932
5459973
5469253
5479854
5479916
5480756
5482270
5482491
5482561
5482677
5482951
5485010
5485032
5485110
5485608
5486846
5486928
5488284
5488550
5489383
5489447
5491149
5494328
5494420
5495227
5495254
5495258
5495510
5495701
5495776
5497060
5499256
5500457
5500897
5501021
5501668
5501673
5501854
5501892
5501949
5501980
5502033
5502063
5502120
5502154
5502244
5502327
5503076
5503348
5503383
5503595
5503990
5504455
5504515
5504568
5504825
5505034
5506103
5506597
5513729
5514459
5517567
5517681
5520364
5521227
5522422
5523069
5524706
5525392
5525438
5525581
5525857
5527335
5529896
5529927
5530914
5531424
5534191
5534339
5535824
5538186
5538663
5540246
5540318
5540939
5540981
5542546
5544209
5545406
5545522
5546242
5546931
5547391
5548080
5549282
5555892
5556040
5556129
5556283
5558666
5559663
5561076
5562988
5563045
5563089
5563266
5571907
5573096
5577505
5583130
5593234
5595440
5595485
5595599
5602834
5604097
5604808
5606401
5607716
5608302
5609093
5609125
5609128
5609265
5609278
5609421
5609578
5609799
5612759
5615545
5620921
5621395
5622122
5625282
5637151
5637478
5637538
5657422
5657481
5658612
5659755
5660840
5661087
5661680
5661918
5662635
5662740
5662955
5663137
5668562
5670110
5670610
5670719
5674397
5675012
5675476
5679879
5688272
5693763
5696383
5696893
5698193
5700769
5700861
5703332
5706688
5709228
5709444
5720840
5721736
5729565
5737535
5738012
5747663
5750596
5755786
5756254
5756719
5757531
5758547
5758631
5758762
5764155
5764281
5765049
5765376
5765724
5766995
5767089
5767225
5768085
5771883
5772098
5772312
5773954
5774537
5777065
5778140
5778527
5780672
5780746
5780851
5788129
5789039
5793818
5794519
5794834
5797006
5797701
5800392
5801804
5802972
5808224
5808283
5809377
5813592
5814739
5815700
5817448
5819445
5819991
5821502
5821928
5822020
5824276
5824441
5826634
5826802
5828127
5828499
5828766
5833106
5833210
5838058
5840413
5840782
5844874
5847654
5847942
5848318
5848462
5848660
5850518
5850972
5851958
5852103
5852641
5855078
5855905
5858861
5858863
5859710
5860663
5860687
5860769
5860784
5860908
5864060
5864378
5865045
5865168
5865294
5866996
5873735
5884406
5884419
5884642
5887686
5888341
5890269
5890464
5890556
5892277
5899872
5900005
5900051
5900121
5901559
5902934
5904787
5904988
5910795
5912201
5912346
5915938
5920661
5920792
5921658
5921678
5924597
5924652
5929458
5930833
5931057
5931071
5935788
5935789
5941029
5941152
5942278
5942650
5942741
5942814
5942906
5943011
5945285
5946405
5950569
5951714
5951833
5952214
5954194
5955178
5957131
5957164
5957223
5957319
5957982
5958109
5959975
5961564
5961644
5962310
5965267
5965850
5966049
5968224
5968351
5968456
5968490
5968608
5971500
5972728
5974494
5974925
5975214
5976644
5978914
5979094
5980551
5980901
5982134
5984580
5984725
5986959
5987174
5987723
5988736
5989051
5991388
5992273
5992407
5993466
5994669
6001965
6002154
6004648
6004779
6008881
6008961
6009115
6012049
6013484
6016026
6018031
6025480
6026997
6030874
6032816
6032837
6033117
6035292
6036169
6037606
6038016
6039756
6041089
6045382
6049927
6052200
6054493
6059336
6059563
6060774
6060891
6061049
6061283
6064654
6065418
6065770
6065853
6066451
6066543
6066659
6069133
6073070
6073201
6077783
6080213
6080940
6085948
6086172
6090769
6090851
6090939
6091212
6095014
6095108
6095472
6098585
6099592
6100333
6100367
6101587
6103929
6111313
6112860
6114208
6115683
6117724
6118773
6119259
6119327
6125614
6125772
6126178
6131702
6135459
6135481
6135587
6135599
6138162
6138331
6140540
6148593
6148687
6150717
6150860
6154321
6155333
6156575
6156981
6162200
6162441
6162820
6165233
6168737
6171035
6173303
6173747
6173952
6174006
6174168
6177961
6179541
6180021
6180157
6180361
6181087
6181600
6181642
6181782
6184799
6186942
6188550
6188564
6189049
6191482
6191577
6192444
6192741
6192924
6193081
6193778
6193896
6199693
6203680
6203769
6208285
6210221
6210381
6215148
6221741
6224569
6230413
6231392
6231495
6233460
6233915
6234150
6238703
6241381
6241624
6241857
6243836
6243854
6248937
6248953
6249622
6251631
6252433
6252524
6257534
6257638
6259162
6259342
6259425
6259792
6261593
6262570
6262741
6263183
6263339
6263480
6263482
6265103
6265551
6267422
6267480
6268186
6268616
6268700
6269007
6269637
6269722
6270142
6272337
6272386
6274888
6274961
6276210
6276459
6285714
6285826
6287745
6287914
6288002
6288035
6289448
6289630
6289695
6291090
6292610
6292943
6293749
6296051
6296217
6298557
6304825
6305206
6305652
6305714
6306337
6306392
6306416
6306671
6306747
6307079
6311062
6313741
6314270
6320199
6321409
6325593
6326651
6339250
6353440
6354374
6354476
6355093
6359040
6361243
6362284
6362387
6362546
6364051
6369666
6369848
6370441
6376129
6376450
6376773
6384738
6385022
6385181
6391507
6396718
6396839
6397857
6400323
6400642
6408883
6413314
6416165
6419002
6423448
6423485
6426196
6426331
6426548
6428551
6435657
6435767
6441540
6443911
6443934
6446531
6447173
6450296
6455005
6455113
6455286
6455704
6457444
6457946
6461484
6462839
6462909
6463105
6463216
6465563
6465735
6465745
6465811
6468436
6472151
6475336
6475445
6475658
6477400
6479973
6482521
6484513
6486335
6486483
6487536
6487636
6487715
6488625
6488825
6489351
6491788
6491879
6492327
6493000
6494271
6494781
6496013
6496452
6496589
6496732
6497022
6497357
6501580
6502103
6502678
6503223
6503310
6509670
6519641
6522541
6523769
6525965
6526970
6528729
6530739
6533521
6535592
6535756
6536871
6537375
6537483
6538066
6538085
6538494
6538626
6538802
6538939
6539553
6539705
6539724
6539838
6540592
6540933
6541057
6541573
6541639
6541922
6543120
6543203
6543340
6543490
6543610
6544393
6544552
6544597
6545128
6545272
6546342
6546962
6547104
6548936
6549028
6549364
6549748
6550664
6550909
6552548
6552660
6553315
6558523
6558917
6562324
6563433
6566325
6570932
6577775
6583975
6584480
6587410
6588185
6591610
6591665
6599496
6600224
6610872
6611272
6611446
6611761
6611819
6611949
6613284
6613594
6617544
6618006
6618054
6618771
6618943
6619169
6620279
6622324
6622391
6622487
6622947
6624150
6624725
6625803
6626267
6626398
6628254
6630267
6632947
6634041
6635893
6636272
6637713
6638126
6638239
6641173
6643231
6644075
6644202
6650302
6650345
6650479
6651259
6651383
6651539
6652576
6655036
6656517
6657005
6657417
6658912
6661023
6665285
6665375
6665876
6666093
6666137
6668771
6670463
6674224
6677345
6678424
6678539
6678704
6680795
6680917
6681396
6681663
6684070
6684360
6684502
6685367
6685476
6689790
6691772
6692220
6693107
6696732
6696948
6697225
6697466
6702682
6706660
6712428
6713332
6713365
6714634
6715761
6715795
6717889
6717901
6717906
6717907
6718879
6720086
6720171
6720221
6722747
6723728
6723753
6723767
6724812
6724816
6725116
6727903
6729156
6731531
6735740
6735748
6735769
6736104
6736112
6736134
6739406
6743903
6749985
6750074
6753015
6753149
6754707
6756084
6756247
6757367
6757630
6770677
6770780
6770845
6770896
6772004
6772193
6772315
6772549
6772637
6773848
6775794
6775887
6777582
6779986
6780048
6780138
6780226
6780739
6783008
6789121
6790894
6795977
6796510
6801139
6801450
6801896
6804203
6807507
6807698
6808701
6808986
6812665
6819730
6821650
6821795
6823768
6823853
6828297
6831019
6831347
6832169
6834627
6834660
6834845
6835210
6839348
6840644
6840652
6840797
6842325
6844648
6844910
6849741
6849885
6849920
6850216
6850510
6852362
6855692
6857479
6857583
6858032
6858806
6859145
6859285
6860163
6860221
6861392
6862104
6863594
6863829
6863874
6869980
6876811
6878483
6879653
6879754
6880333
6880423
6882448
6882549
6882736
6884945
6885541
6885901
6889212
6889407
6893148
6893251
6894737
6894818
6897588
6901016
6901656
6901978
6902042
6902195
6902343
6902348
6902399
6902616
6915653
6922096
6924199
6926814
6926936
6928611
6928846
6931689
6935435
6936759
6936771
6947697
6950329
6959455
6963964
6965740
6967713
6970478
6970569
6970707
6970875
6974290
6976051
6978922
6983706
6983798
6984347
6984681
6986880
6987003
6988811
6988858
6989541
6989700
6991377
6991470
6991694
6992866
6993328
6993929
6994486
6996582
7005099
7005195
7010350
7011251
7022000
7026971
7028054
7028131
7030664
7030943
7031006
7032598
7037414
7040455
7040519
7040703
7041199
7043505
7051250
7053028
7062620
7063808
7064318
7065755
7065929
7066018
7066959
7068206
7070897
7075300
7075644
7085224
7088946
7093397
7093562
7096533
7102971
7104781
7105706
7105902
7106089
7106331
7109493
7109547
7109587
7112072
7112281
7114805
7115682
7115918
7116064
7117834
7117914
7119370
7119915
7120951
7121207
7123214
7123233
7124354
7126710
7126893
7127438
7128070
7129015
7133063
7134475
7138719
7139336
7143245
7153104
7154378
7156239
7157851
7159212
7159460
7159814
7159929
7160338
7160579
7164688
7164891
7165012
7165128
7165568
7165795
7167545
7174623
7176341
7176765
7184162
7189982
7197680
7201108
7201293
7205894
7208110
7211605
7211646
7211656
7215028
7216059
7216192
7216444
7217081
7217158
7218198
7218216
7218290
7219049
7219646
7223168
7224338
7225499
7231405
7231520
7233768
7234109
7235494
7238647
7238790
7239506
7239656
7244340
7245995
7252394
7252823
7253844
7254447
7258745
7266531
7268045
7269308
7269836
7271681
7272159
7273996
7274426
7280920
7282575
7283565
7283875
7292068
7295068
7296677
7300639
7301776
7301796
7304588
7304679
7305014
7306261
7306814
7306907
7307074
7307853
7308546
7310044
7311631
7311979
7318310
7319693
7320009
7320811
7321070
7322625
7322702
7323651
7324142
7324221
7327375
7327476
7327845
7328338
7328370
7328426
7328467
7328607
7328700
7328706
7330724
7331691
7332710
7333696
7336451
7337130
7339623
7339721
7340856
7340945
7342823
7342971
7344203
7344411
7348255
7350199
7351354
7351497
7351627
7351732
7354005
7356002
7356100
7356242
7359453
7359552
7359953
7360130
7363359
7364353
7364466
7368008
7368553
7369475
7371801
7372032
7372488
7372601
7374323
7374440
7378540
7380513
7380668
7380906
7385948
7386415
7387079
7387153
7387395
7388059
7388270
7391088
7392369
7392442
7395842
7401224
7408700
7409129
7409808
7409979
7410478
7411188
7411268
7413062
7414940
7415014
7420183
7420468
7423551
7423742
7427673
7427787
7429716
7432194
7433050
7433184
7433278
7434692
7436651
7437415
7437774
7441511
7446157
7446476
7451086
7451229
7452592
7454595
7459581
7460454
7472088
7474543
7479529
7480204
7485472
7492570
7497719
7498058
7500127
7506287
7507150
7513919
7514000
7514344
7515963
7518118
7518488
7524044
7527014
7536646
7538122
7538150
7538333
7538525
7539432
7541050
7541288
7542093
7544091
7545580
7546041
7546156
7546951
7547321
7547448
7547587
7548406
7548489
7549403
7552229
7552307
7552467
7554457
7556983
7558023
7558311
7560673
7560754
7561762
7562663
7562979
7563253
7564146
7564372
7565474
7565953
7568266
7568548
7569912
7571121
7571219
7571650
7572128
7572234
7572535
7573695
7575738
7575953
7576598
7577138
7581818
7582439
7591706
7600455
7601342
7602207
7602320
7602639
7610634
7610806
7612407
7612765
7613357
7615999
7616134
7617509
7617945
7623086
7628541
7629276
7632883
7633082
7636035
7636726
7636780
7637213
7641589
7641687
7647865
7648276
7648608
7650651
7650721
7652457
7653304
7653678
7654853
7658087
7659488
7660766
7660779
7661487
7662198
7666863
7672834
7673131
7673464
7675511
7677729
7678941
7679998
7680131
7680820
7680952
7681408
7681588
7682833
7683000
7684407
7685351
7685422
7685500
7685528
7685677
7687277
7687598
7687681
7689360
7689676
7690092
7692860
7693949
7694238
7698848
7698940
7700466
7701689
7703015
7703340
7704589
7704888
7704953
7705209
7707140
7713433
7714184
7714262
7715897
7715990
7716144
7718091
7718198
7720233
7721314
7721855
7727684
7728054
7728797
7729706
7729771
7731161
7731360
7731484
7731560
7734465
7734641
7735795
7735802
7735874
7737158
7737348
7737619
7739745
7739824
7741424
7742462
7742639
7742772
7743994
7744102
7745013
7745322
7745631
7745650
7748229
7748456
7750421
7750593
7750605
7750864
7752602
7752780
7753615
7753775
7755011
7755463
7755575
7755628
7757799
7757867
7758179
7758306
7761439
7763273
7763646
7770503
7770820
7773728
7773957
7774167
7774369
7774726
7776034
7777603
7778037
7779817
7780342
7781662
7781692
7781695
7781810
7781844
7783135
7788897
7797022
7797051
7797052
7802772
7802911
7803062
7803201
7803633
7803693
7804322
7806266
7806310
7806422
7806890
7806978
7807077
7807390
7807653
7808060
7808161
7809038
7809087
7809597
7809703
7809850
7809921
7810373
7810681
7810767
7810814
7810906
7811089
7811143
7811705
7811810
7811954
7812352
7812369
7812933
7813411
7813954
7814059
7814458
7814591
7814873
7815014
7816388
7816876
7816987
7817256
7817339
7817838
7818029
7818895
7820399
7821795
7821868
7822043
7822626
7822878
7823005
7828489
7828583
7830103
7831275
7831397
7831553
7832752
7833489
7834088
7835211
7836720
7836741
7836943
7837027
7837609
7837945
7838105
7838191
7838986
7840836
7840978
7841123
7842679
7842710
7843884
7843903
7843906
7844182
7844182
7844285
7845923
7847359
7847443
7848094
7850470
7850576
7851061
7851162
7851689
7851782
7852015
7852186
7852240
7852945
7853463
7853501
7853953
7853986
7854093
7855058
7855314
7855433
7860896
7865211
7866268
7868860
7868881
7870605
7870626
7870715
7870729
7870794
7870808
7873489
7873546
7873572
7873643
7873657
7873917
7873951
7874045
7874061
7874075
7875730
7875896
7875905
7875958
7875971
7875986
7876068
7876088
7876556
7878233
7879807
7879897
7880011
7880156
7880820
7881021
7882263
7882586
7883990
7884096
7884602
7884831
7885864
7887626
7887680
7888923
7894741
7894797
7896808
7897526
7897688
7898223
7900716
7901710
7902379
7902553
7902649
7902672
7902749
7902769
7902947
7902962
7903211
7904270
7904337
7904406
7904570
7905565
7905734
7905741
7905755
7906957
7907768
7910268
7911677
7911734
7911836
7913926
7917884
7918085
7919487
7922779
7922878
7929838
7930106
7930228
7930922
7932117
7933056
7934322
7937077
7938465
7939363
7939897
7940022
7940704
7940770
7941073
7941355
7943506
7943683
7950421
7950482
7950992
7952531
7952563
7952900
7952978
7954900
7954936
7954981
7955085
7955103
7955973
7956141
7956245
7960134
7960183
7960306
7960807
7961222
7962381
7962514
7962604
7962710
7963647
7964446
7964694
7965817
7966223
7966354
7966521
7967196
7968169
7968627
7968787
7968938
7969253
7969509
7975608
7975618
7975711
7977632
7978671
7982475
7982984
7983005
7983083
7984808
7984851
7988092
7988126
7988212
7988245
7988527
7988559
7988560
7994985
7995870
7999349
8005180
8005417
8007830
8010835
8010871
8010923
8010963
8011004
8012896
8012948
8013025
8013031
8013153
8013185
8013352
8014941
8015026
8015037
8015050
8015160
8015320
8015485
8015500
8015689
8016839
8017505
8017507
8017528
8017586
8017599
8017600
8017853
8018056
8019539
8019877
8019999
8020104
8021739
8023103
8025523
8028119
8028194
8031929
8042772
8043470
8044372
8045897
8046164
8047243
8057825
8058933
8060020
8065934
8067497
8069644
8071005
8082499
8082759
8083009
8084360
8086854
8106402
8116972
8118974
8120081
8120333
8122632
8124330
8125171
8126618
8128450
8130103
8130232
8131697
8135789
8137035
8137116
8137652
8138612
8139188
8139247
8139345
8139462
8142894
8143108
8143271
8145501
8145626
8149848
8154087
8155335
8155367
8155651
8158422
8163064
8164151
8168480
8170582
8171103
8171309
8173222
8173342
8175646
8175777
8176073
8176530
8179175
8179213
8190686
8193338
8195406
8195474
8195765
8196062
8196259
8200006
8200212
8200349
8200504
8210737
8214361
8218097
8220100
8220197
8222237
8225594
8238997
8239281
8239998
8240318
8241228
8242297
8245950
8248123
8248188
8251184
8252146
8258038
8258174
8263666
8268863
8269273
8269502
8269611
8271590
8271763
8274459
8274529
8279423
8280449
8280561
8281041
8281671
8288000
8288967
8289719
8291898
8292047
8293881
8301127
8304073
8305576
8305966
8308133
8308384
8308796
8308908
8309607
8310274
8310563
8313869
8314445
8316932
8317064
8317550
8318694
8319435
8320083
8322039
8322708
8324416
8327266
8329586
8333549
8333949
8337652
8338909
8339757
8341856
8343712
8355568
8368071
8374038
8375843
8382186
8387961
8400537
8401024
8401105
8401226
8401389
8403859
8406828
8410984
8413787
8421117
8422243
8424053
8424140
8425226
8426002
8426094
8430744
8431052
8431845
8433547
8433651
8434828
8435003
8435255
8435314
8437968
8438106
8442428
8442919
8443022
8443413
8443671
8443999
8444495
8444569
8444683
8445725
8446664
8446956
8447186
8447719
8449600
8453288
8453445
8453559
8453832
8453918
8465293
8469414
8478836
8478863
8482603
8482999
8485127
8486095
8486166
8486363
8487496
8488250
8488920
8489600
8491552
8491945
8492021
8493466
8493958
8494061
8494751
8497276
8497396
8500825
8501990
8502150
8506005
8512955
8513412
8521429
8525707
8525809
8529764
8532629
8532797
8533250
8533353
8535337
8535524
8537078
8539620
8542839
8546713
8549698
8555078
8555390
8558834
8558990
8559371
8562462
8562484
8564098
8564225
8564824
8565787
8567307
8567471
8568236
8570298
8573176
8578637
8581540
8582089
8582214
8582656
8582777
8588780
8588852
8590579
8591016
8601359
8601422
8601899
8606368
8607282
8607347
8607414
8607455
8608143
8608304
8609606
8609665
8609718
8610968
8611093
8611533
8611690
8611768
8611811
8611996
8612053
8612670
8615486
8615969
8616281
8618832
8620314
8620647
8623178
8623341
8623575
8624865
8625916
8626120
8626313
8630483
8630562
8631082
8631161
8631430
8632058
8632956
8633269
8633846
8634982
8635070
8635386
8635467
8636213
8637394
8637436
8637633
8638017
8640254
8643589
8647205
8649764
8652615
8655673
8655963
8657727
8658276
8659511
8661955
8668380
8668462
8669020
8671622
8672255
8672355
8672891
8673265
8674007
8674132
8674298
8674409
8674469
8674597
8676630
8676805
8676887
8677170
8678325
8678331
8678471
8679700
8679857
8679947
8680329
8680476
8680720
8680830
8681037
8681181
8681906
8682778
8682923
8685195
8685881
8687114
8687285
8687403
8687764
8689097
8689226
8689772
8689874
8689962
8690188
8691747
8692025
8692625
8692779
8693756
8695659
8697145
8697981
8700262
8703321
8703521
8708566
8708859
8709865
8710034
8710063
8710786
8710809
8711212
8711907
8711980
8711992
8712202
8712220
8712233
8712378
8712389
8713642
8713746
8715723
8715986
8716721
8716974
8717238
8717286
8717373
8717396
8717490
8717510
8718163
8721424
8721601
8722671
8722771
8727619
8728601
8733348
8739267
8742515
8742838
8742934
8743672
8744048
8744815
8745074
8745701
8750938
8751469
8762999
8763208
8766448
8766554
8766785
8766964
8769280
8771433
8773532
8775405
8775913
8778690
8779943
8781320
8782360
8787375
8788192
8789839
8791610
8791725
8794351
8794555
8796954
8798336
8799912
8805928
8806375
8806939
8807399
8812438
8813360
8814719
8815366
8817899
8818938
8820943
8822130
8823802
8826540
8826633
8827631
8830042
8830172
8830207
8830221
8832473
8832494
8832496
8832588
8832674
8832922
8835655
8836490
8837528
8837625
8838320
8843305
8843441
8844439
8847154
8848135
8849681
8851870
8855209
8855818
8856104
8857642
8857663
8857959
8858879
8858987
8865557
8866761
8869152
8869180
8870407
8881979
8883183
8883284
8885897
8889680
8889856
8890587
8893470
8896133
8898857
8937140
8938770
8939232
8940535
8954217
8955093
8958481
8960343
8960619
8960720
8960948
8962271
8962495
8962729
8962803
8963009
8964749
8970764
8972524
8972721
8975167
8978727
8979060
8979302
8979437
8989752
8989836
8989950
8991176
8991431
9001540
9002228
9004307
9005961
9006541
9006633
9012650
9012691
9012873
9012903
9012920
9019785
9020132
9020321
9026706
9033917
9037624
9037680
9039292
9040295
9040566
9040830
9044088
9044300
9050087
9063310
9063353
9063740
9077752
9078434
9079840
9080590
9081811
9085518
9085691
9086023
9087715
9088989
9096720
9099686
9102037
9102921
9107909
9107990
9108506
9109337
9113887
9120527
9120646
9122181
9122275
9122584
9122725
9123286
9123619
9123834
9124755
9133103
9142277
9143127
9144809
9144898
9148652
9148780
9162539
9162696
9168214
9177676
9179424
9180581
9182637
9182762
9183028
9183359
9185178
9185222
9185403
9185504
9185788
9186034
9186402
9189847
9191261
9193245
9193536
9194980
9195902
9197765
9200455
9200572
9200751
9202040
9205066
9205314
9205452
9207435
9212995
9218238
9219421
9219465
9219546
9222617
9227145
9232646
9235525
9237863
9237996
9240578
9240698
9243574
9246820
9250618
9256250
9262227
9265805
9267860
9267929
9274412
9276575
9277818
9279589
9279914
9290617
9290762
9290965
9297816
9301291
9301996
9302174
9303801
9308561
9318882
9318988
9325375
9328241
9330925
9330990
9331100
9332664
9332760
9335151
9335264
9337541
9337649
9340046
9344328
9344402
9345295
9345994
9346224
9346579
9347207
9347921
9348007
9348019
9349124
9351308
9352791
9355115
9355217
9355368
9356318
9357336
9357580
9359770
9360902
9361004
9361672
9363161
9363754
9364315
9364422
9365072
9365413
9365915
9366689
9368711
9370069
9377053
9377550
9379368
9381302
9385408
9385487
9390129
9397805
9400433
9401452
9403160
9403227
9407072
9410788
9414027
9419167
9419788
9422522
9422685
9422803
9423879
9423961
9425201
9425355
9425445
9426794
9426974
9428386
9428464
9432853
9433001
9434482
9434559
9434680
9438806
9439213
9440562
9443066
9443429
9448407
9448966
9450769
9453109
9454518
9459485
9464700
9464777
9464815
9464891
9469182
9469282
9469462
9471916
9472630
9472846
9473069
9474731
9475968
9482125
9482543
9489797
9490896
9490945
9495826
9496850
9496963
9497063
9497489
9497605
9497743
9507264
9507844
9508967
9510702
9512978
9513563
9513683
9513778
9514951
9515413
9515486
9516043
9516075
9516713
9517696
9518248
9518293
9518634
9518780
9518960
9520383
9521093
9521234
9523089
9523099
9523352
9523583
9523851
9525243
9526603
9527247
9527384
9527803
9529521
9529578
9529726
9529861
9531693
9534083
9535974
9536145
9536271
9539418
9540538
9540635
9540800
9541568
9542994
9543061
9543563
9544737
9544827
9545404
9545473
9545603
9546174
9548600
9550101
9553468
9557035
9559271
9562049
9564261
9564510
9566680
9570117
9570880
9570996
9572680
9577989
9578095
9580657
9584573
9586634
9589227
9592010
9597946
9598113
9602060
9604133
9604221
9604748
9604832
9613877
9616996
9617125
9617449
9617653
9621068
9623099
9627861
9627953
9628173
9631066
9631501
9633911
9644723
9644933
9645119
9645619
9645745
9648072
9648260
9648599
9648644
9651377
9654449
9654729
9655429
9655550
9663290
9663601
9672237
9672737
9674437
9676781
9677511
9681490
9683818
9684644
9685441
9687456
9688067
9688159
9691539
9692867
9693215
9694072
9695330
9696980
9697050
9697167
9698645
9700057
9700196
9700518
9700710
9703161
9703638
9706596
9707234
9707325
9707713
9709635
9711412
9713156
9713255
9713428
9713571
9714055
9714078
9714801
9715141
9715165
9715691
9715781
9716532
9716607
9717236
9719212
9720068
9720076
9720219
9720245
9720401
9720668
9721200
9721265
9721366
9721459
9722225
9723056
9723557
9724502
9726716
9727240
9727318
9729785
9729889
9731954
9734819
9735298
9736049
9736569
9736771
9737052
9737837
9738890
9738957
9740482
9740559
9742684
9744712
9748283
9752218
9752472
9752568
9752845
9753635
9755426
9755582
9756066
9756372
9756453
9756788
9758511
9758598
9758806
9758897
9759488
9759747
9760114
9760203
9760457
9760636
9760807
9760981
9762483
9763627
9765444
9766605
9766662
9767381
9767921
9769118
9771640
9771822
9775602
9776495
9777558
9777639
9777851
9778953
9780132
9780222
9780337
9781549
9781739
9781956
9782090
9782544
9782706
9784377
9786528
9786591
9786667
9787251
9788730
9789238
9792099
9793993
9794063
9795258
9797982
9805870
9806398
9806800
9807905
9812318
9813244
9814205
9815167
9817435
9817916
9820134
9822766
9822855
9823070
9823436
9823638
9831688
9839806
9840647
9846149
9847815
9851028
9860207
9863995
9866734
9868009
9871895
9872292
9874868
9876731
9878028
9878083
9880096
9882394
9884743
9892700
9896326
9896381
9901630
9903527
9906316
9910369
9913763
9913905
9916090
9916125
9916238
9919435
9920259
9920451
9922685
9922807
9924354
9924945
9926101
9926557
9926656
9927304
9927741
9927783
9928596
9931911
9932605
9933412
9933536
9934415
9935343
9945411
9945867
9950816
9952101
9952178
9953377
9955334
9955420
9957243
9957934
9961963
9963464
9963553
9963607
9963945
9965462
9966346
9966423
9966435
9966529
9966742
9969258
9969540
9969669
9969895
9970079
9970184
9970598
9970803
9970882
9970946
9971023
9971671
9971977
9972127
9972164
9972239
9972261
9972292
9972389
9972404
9974483
9974644
9975403
9976118
9977730
9977813
9978095
9978219
9981000
9981414
9981936
9982465
9983765
9983956
9984175
9984336
9984778
9985370
9985874
9986353
9987915
9988033
9988115
9988341
9989107
9990883
9991279
9992659
9992731
9997454
10000850
10000942
10001605
10003423
10003557
10003679
10003798
10004020
10005018
10005407
10005481
10005619
10008137
10008262
10009809
10012245
10012399
10013395
10017843
10030585
10032549
10037289
10038623
10039649
10041292
10041711
10041894
10042487
10042640
10042732
10042874
10042995
10044887
10045300
10049516
10050854
10050985
10054633
10054836
10054924
10054996
10055154
10055265
10055749
10056308
10056618
10057327
10057615
10057713
10058114
10059344
10059450
10059935
10060115
10060125
10060294
10060531
10060712
10061762
10061926
10062062
10062181
10062285
10062422
10062471
10064295
10064398
10064520
10064630
10064739
10065082
10065903
10066773
10066872
10066993
10068089
10068231
10068350
10069340
10074641
10076609
10076774
10077856
10084576
10085208
10085483
10088425
10090127
10092118
10093277
10093737
10095634
10100145
10102285
10103201
10103468
10104124
10104413
10106522
10111285
10111842
10112219
10112642
10114807
10118077
10119459
10121748
10123747
10123841
10130758
10131183
10131274
10131874
10134519
10135041
10135695
10137116
10137595
10139351
10139438
10139686
10141566
10141794
10142458
10142477
10142478
10143174
10144607
10147075
10149710
10151817
10152565
10154049
10154266
10156015
10157450
10157661
10157778
10158216
10158322
10159110
10159624
10160477
10164742
10168274
10168965
10170049
10172253
10172386
10172472
10172732
10172912
10172968
10173315
10174458
10174862
10175080
10177568
10177659
10177690
10180952
10181939
10189548
10189657
10190099
10191714
10191779
10191912
10194005
10194869
10199250
10199650
10203310
10203767
10203923
10204211
10205209
10206626
10229306
10229423
10236661
10237801
10238568
10238987
10240170
10240938
10241156
10241242
10242259
10242875
10243249
10243673
10243768
10245811
10248441
10249468
10249818
10252308
10252704
10252917
10252971
10253304
10253419
10253716
10254108
10254193
10254570
10254667
10254760
10256230
10256318
10260940
10269300
10269452
10269596
10269780
10269808
10270253
10275581
10276170
10278972
10279179
10279984
10283457
10283466
10283629
10283750
10290827
10293576
10296427
10296582
10298366
10300263
10300332
10300665
10301741
10301904
10302392
10303046
10303405
10303879
10305421
10305437
10307424
10307498
10308284
10308544
10308624
10308706
10309001
10310972
10311057
10311431
10311575
10311658
10311804
10312259
10313562
10316793
10317122
10317901
10318895
10319658
10322360
10323063
10323081
10323777
10324676
10326999
10327388
10328193
10328823
10337218
10338337
10338394
10338440
10338488
10339405
10343470
10350965
10352324
10352575
10352832
10352911
10354301
10354366
10354441
10357979
10358070
10359431
10359492
10359584
10359922
10361560
10361655
10364182
10364440
10364517
10364610
10364664
10364685
10366431
10366741
10367029
10367098
10367462
10367801
10369979
10370093
10373299
10373465
10373612
10373692
10373750
10373780
10373961
10375827
10379432
10379630
10381347
10381492
10382892
10385681
10388368
10388484
10389353
10390579
10391090
10393846
10395427
10395531
10397959
10398033
10403913
10407524
10408476
10408740
10409068
10409260
10410739
10412607
10412976
10413616
10415221
10415294
10415307
10415381
10416588
10416616
10420355
10421591
10422975
10423111
10423987
10424568
10426997
10427371
10431771
10431910
10435650
10435833
10438848
10439058
10441916
10442014
10442122
10448634
10451014
10451689
10453814
10453902
10454023
10454609
10454709
10455107
10455327
10457377
10458744
10460313
10460766
10460833
10460949
10461049
10461086
10461706
10461932
10462852
10463660
10466023
10466302
10466353
10466517
10469602
10474464
10474886
10482319
10482412
10483305
10490280
10490590
10490688
10498608
10499946
10507317
10507412
10512774
10512969
10513614
10514434
10520946
10521024
10521344
10532274
10532539
10540890
10540971
10541055
10543022
10543321
10545229
10545399
10545638
10545739
10546412
10548004
10548400
10548514
10548916
10549723
10550004
10550108
10550530
10550993
10551288
10552529
10552609
10553447
10554339
10554575
10555499
10557048
10557876
10561317
10561547
10561578
10563088
10563802
10564075
10566185
10566468
10568712
10569055
10569906
10570670
10572901
10573079
10573499
10575333
10575373
10575493
10576039
10576136
10577019
10577337
10579196
10582112
10582251
10582310
10582445
10583178
10585623
10585729
10585821
10585909
10586037
10588937
10589025
10593069
10594657
10594789
10595598
10595683
10596629
10597571
10597776
10598006
10599293
10599640
10599752
10600034
10600276
10600778
10602227
10603280
10604132
10604340
10605155
10605210
10605388
10605549
10606095
10606189
10609218
10609692
10611644
10616727
10617258
10618814
10618884
10619054
10619379
10619457
10620040
10621031
10621549
10621668
10621889
10622480
10624928
10626360
10626503
10626597
10627194
10627573
10629340
10630907
10630986
10631630
10631937
10632038
10632922
10633240
10633743
10634164
10637551
10637627
10637834
10637920
10638010
10638048
10638605
10638827
10639146
10639512
10639683
10640839
10640933
10641355
10642167
10642524
10642593
10643829
10643903
10643932
10644514
10645223
10645829
10645923
10646015
10646645
10648098
10648827
10649522
10650551
10650622
10650962
10651201
10651784
10652565
10653480
10654747
10657165
10658740
10658832
10665034
10665039
10665345
10665771
10667905
10676722
10677863
10681098
10681355
10684645
10684949
10684972
10685224
10685501
10685669
10685670
10686735
10687036
10687297
10688206
10688712
10689083
10689360
10691201
10692000
10692198
10692363
10692643
10695782
10696779
10698008
10699865
10700157
10700539
10700649
10700820
10702760
10702817
10705653
10708606
10708809
10710542
10716621
10716916
10717260
10717296
10719116
10721047
10721123
10721414
10721510
10721666
10722023
10722039
10722178
10724317
10725481
10727416
10728232
10729788
10732222
10732432
10734024
10734237
10734595
10736808
10738381
10739674
10741806
10743652
10743840
10745649
10750567
10751094
10755011
10755144
10755515
10755528
10755809
10757848
10758223
10760009
10761396
10761770
10762294
10762316
10764622
10770216
10773174
10774759
10774774
10779126
10781902
10781944
10784141
10784178
10784257
10785934
10786144
10786252
10786483
10788275
10788439
10791178
10791750
10791994
10793227
10796034
10796487
10798237
10798587
10798667
10798965
10800387
10800745
10803559
10803854
10804132
10804326
10806141
10808798
10808978
10809086
10809453
10810682
10811430
10811791
10814131
10814396
10814883
10815166
10815275
10815486
10816044
10816338
10816747
10816877
10817504
10817702
10817860
10818061
10820908
10821335
10822701
10823011
10825945
10826052
10829477
10829573
10829921
10833357
10833437
10833549
10833721
10833734
10836495
10836594
10836969
10838212
10838340
10840430
10840518
10843437
10843475
10844533
10845607
10846026
10847339
10847407
10847472
10849375
10849485
10849860
10853564
10854370
10855559
10855892
10856034
10858344
10858506
10859084
10859104
10859171
10859794
10860748
10861285
10861742
10862213
10862235
10862328
10862363
10862521
10862881
10863549
10863875
10864087
10864186
10865709
10865808
10865834
10865907
10868096
10869103
10869224
10869256
10872775
10875153
10877724
10878001
10878118
10879786
10880346
10880804
10881436
10881517
10882351
10883495
10886097
10886715
10886994
10889240
10892953
10894272
10895484
10895529
10895734
10895945
10899087
10900609
10900903
10906274
10906860
10907800
10908458
10908933
10910921
10910987
10911387
10911653
10915181
10917004
10917163
10917183
10917523
10917858
10917890
10918732
10918880
10919018
10919061
10919485
10920942
10921613
10921948
10922279
10923798
10923891
10923957
10925302
10925569
10931876
10931962
10935813
10935863
10937506
10939005
10939284
10939363
10939501
10940219
10942804
10950529
10951667
10952328
10952447
10952996
10958079
10961115
10961362
10965165
10967190
10967400
10968218
10968436
10968673
10971145
10971587
10971804
10971895
10972105
10974443
10974630
10974777
10976185
10976390
10981576
10981669
10981933
10983935
10984073
10984281
10985273
10986735
10986838
10990723
10992379
10993287
10995818
10998224
11007104
11007549
11007706
11015234
11022234
11024160
11027528
11027734
11027910
11030202
11033421
11033630
11034225
11034524
11037692
11039953
11040939
11043686
11044242
11044825
11045868
11046506
11046514
11048845
11049279
11049485
11049807
11049935
11050386
11051180
11051235
11055028
11056508
11056823
11057491
11057621
11058771
11059383
11060014
11060381
11060457
11061753
11061920
11062781
11062900
11063258
11063337
11064111
11064667
11067052
11067192
11067272
11069308
11072713
11072789
11074751
11075422
11076294
11077579
11078021
11078340
11078619
11078669
11079831
11080203
11080387
11080824
11082393
11082513
11082889
11083299
11083430
11083528
11084623
11084699
11085444
11085585
11086922
11086993
11087601
11089199
11090356
11091733
11091785
11091862
11091975
11092010
11094069
11094144
11094306
11094430
11096096
11097113
11097178
11097808
11099791
11099861
11100701
11101068
11101170
11101688
11103342
11103450
11103642
11104682
11105341
11105547
11107244
11107675
11109006
11109048
11109202
11111216
11111299
11111841
11113377
11113445
11114020
11114348
11114736
11116069
11117900
11118205
11121805
11121899
11121954
11121967
11124853
11127727
11129318
11129688
11129894
11131310
11131559
11134079
11135524
11135599
11135987
11138629
11138779
11138930
11139129
11140843
11141187
11144557
11147329
11147418
11147463
11147555
11149950
11153194
11153282
11153990
11154055
11154143
11155617
11155683
11156193
11158957
11159283
11159702
11159778
11160372
11160469
11162650
11169610
11170603
11171004
11171605
11172359
11172426
11173496
11174748
11174788
11174833
11175012
11175150
11176429
11176514
11178105
11178226
11178343
11178394
11178415
11178463
11178751
11179004
11179481
11181819
11183123
11183186
11183877
11184332
11185960
11186760
11194459
11194587
11194901
11199571
11201480
11203439
11209715
11211741
11213326
11218306
11218510
11219214
11222851
11224494
11224539
11225333
11226844
11229006
11229605
11229892
11237265
11237587
11241088
11242410
11242703
11245335
11247873
11249970
11253161
11253557
11253663
11253798
11254877
11255065
11255751
11255958
11256076
11257356
11258416
11260139
11260309
11263524
11267557
11268466
11268706
11270074
11270347
11274224
11274511
11275353
11278879
11278889
11278925
11281507
11281791
11282421
11282503
11284591
11287459
11287669
11290384
11295409
11296258
11297486
11303050
11308124
11308236
11308705
11309699
11312898
11318657
11318713
11318830
11318850
11319950
11323039
11324683
11325591
11327031
11331360
11333400
11334900
11335018
11335845
11344043
11350651
11350838
11358608
11358907
11359070
11359280
11359384
11359817
11360961
11365390
11369223
11373262
11376088
11377541
11379153
11379431
11379506
11379765
11380989
11381055
11381238
11383583
11384510
11385043
11387360
11387381
11387707
11387746
11387824
11389861
11390300
11392550
11394668
11394815
11398887
11401729
11402238
11403027
11406770
11414036
11414093
11414964
11415261
11415975
11416115
11416644
11416695
11416794
11420570
11420789
11422744
11426271
11433049
11433219
11433786
11434099
11434356
11435295
11435566
11435676
11435941
11435988
11438314
11438849
11439998
11440455
11440786
11441189
11442994
11443193
11443354
11443949
11444027
11444771
11445314
11446570
11446956
11447317
11448210
11448594
11448786
11448833
11450268
11450506
11450601
11450921
11451008
11451255
11452320
11452764
11452879
11452946
11452999
11453416
11454469
11454818
11454917
11456660
11456757
11457446
11458354
11460799
11462815
11462900
11463122
11464415
11464489
11464594
11465279
11466879
11467477
11467861
11468348
11469050
11469600
11470876
11470980
11471164
11473777
11474728
11475782
11479283
11479439
11483586
11485784
11489712
11490324
11491647
11498897
11499604
11504060
11504262
11504435
11506879
11511290
11511690
11511928
11511974
11512354
11512744
11514908
11519319
11519437
11519897
11520310
11520413
11520725
11520925
11521852
11522298
11522618
11523446
11526046
11526056
11526537
11528237
11529026
11530067
11530186
11530522
11530662
11533119
11533808
11535061
11535260
11535293
11535422
11535476
11536121
11538353
11538696
11540811
11540919
11540976
11544526
11545277
11545435
11546905
11547895
11548162
11549739
11549831
11550109
11550795
11550881
11550906
11551000
11552258
11555719
11555918
11556310
11556420
11557824
11558274
11563943
11564020
11564097
11564195
11564279
11564723
11566252
11566316
11566525
11566625
11567235
11567792
11568022
11570519
11570570
11570595
11571050
11572773
11572839
11573003
11573038
11573134
11573373
11574551
11574839
11574981
11575259
11575979
11578903
11580207
11580287
11580647
11581021
11581278
11581573
11583261
11583439
11585601
11585679
11585783
11586099
11586241
11586611
11586928
11587370
11587431
11587532
11587618
11587716
11588502
11589783
11589912
11589956
11590210
11592336
11592414
11597797
11599641
11599725
11601934
11602011
11603201
11603514
11603585
11603879
11604373
11605417
11606795
11606962
11607121
11607491
11608591
11608811
11610734
11612094
11615896
11616245
11619718
11620233
11624909
11624960
11627905
11629776
11630047
11630160
11630177
11630181
11630293
11630374
11630389
11636424
11637508
11637665
11637918
11640172
11643712
11644023
11647216
11647441
11657079
11657185
11658190
11660269
11660388
11663843
11666214
11669349
11670824
11672116
11672849
11675284
11677140
11679884
11681453
11682312
11682388
11683878
11684079
11684239
11684363
11689358
11690005
11690240
11692625
11692665
11694110
11699242
11699804
11700689
11704775
11705090
11705110
11706892
11709342
11709428
11710624
11712949
11717817
11717930
11718208
11720749
11721022
11721952
11722110
11722812
11722837
11722928
11730073
11731383
11732914
11733411
11734383
11734427
11735776
11736119
11738433
11738492
11738567
11739298
11742189
11742455
11742687
11742841
11744737
11747027
11747251
11749201
11749261
11749844
11750373
11750455
11753646
11754016
11754110
11754474
11754725
11756613
11758143
11758516
11758980
11759981
11760678
11762011
11762214
11762348
11762593
11762676
11762714
11762835
11764698
11766014
11766568
11766597
11766673
11766706
11766772
11767406
11768688
11769127
11770959
11773407
11773647
11773834
11775154
11775367
11775690
11776740
11776901
11776981
11777155
11779152
11779253
11779767
11779852
11779874
11780918
11781143
11781257
11781317
11781343
11781680
11782131
11783390
11783458
11783550
11783876
11783968
11785585
11785778
11785984
11787449
11787529
11787647
11787728
11789839
11789922
11789932
11790105
11794024
11794100
11794524
11796044
11796777
11796958
11799063
11799177
11800984
11801253
11801816
11803993
11804020
11804125
11804445
11804590
11804859
11805016
11805381
11805498
11805899
11806355
11807660
11807739
11807758
11809919
11810003
11810025
11810159
11810435
11810637
11812136
11812446
11812796
11812960
11813045
11813565
11814537
11816454
11816466
11817048
11818827
11818862
11818883
11819774
11820762
11820857
11820965
11824572
11824661
11824762
11824791
11824871
11826241
11826354
11826587
11826706
11827572
11827774
11827920
11828764
11830071
11833175
11834275
11834418
11834527
11839139
11839263
11839360
11842078
11842115
11842166
11842547
11842782
11842950
11844807
11847350
11847439
11847710
11850403
11854042
11854456
11854893
11854961
11857355
11857520
11857758
11857837
11858088
11859763
11859845
11859950
11860517
11860604
11860776
11862277
11864332
11864457
11865145
11865247
11865260
11865663
11865671
11867644
11867851
11868606
11868616
11869240
11869469
11869549
11869631
11869888
11870041
11870062
11871092
11872940
11873021
11873211
11873230
11873767
11876068
11876274
11876360
11876413
11877062
11877275
11877545
11877638
11878390
11878960
11881828
11881907
11881963
11882078
11883125
11883242
11883871
11885566
11885663
11885760
11886074
11886150
11886186
11887329
11887694
11887866
11887896
11888000
11888273
11888375
11890906
11893780
11893867
11893881
11894175
11895070
11895579
11898740
11898869
11899404
11900359
11900470
11900870
11901015
11901183
11902469
11903065
11903107
11904714
11904822
11905290
11905308
11905729
11907323
11907413
11907953
11908467
11909113
11910091
11910269
11910820
11913131
11913333
11914547
11914625
11914657
11914725
11915078
11915241
11915284
11915663
11916135
11916235
11920511
11920716
11920726
11921222
11921557
11921834
11922203
11922224
11923309
11923385
11923835
11924105
11924181
11924589
11926317
11926396
11926596
11926604
11927089
11927236
11927607
11927950
11928248
11930253
11931631
11932104
11932297
11934308
11937166
11937251
11938258
11938535
11939116
11939327
11942444
11942773
11943800
11945413
11945509
11945651
11945701
11945753
11947106
11947146
11947247
11947374
11947606
11950535
11950594
11951447
11951954
11952067
11952149
11953398
11953476
11953644
11954406
11954670
11955449
11955557
11958004
11958048
11958215
11959564
11961066
11961227
11961532
11961541
11964598
11965210
11965330
11967761
11967823
11968042
11968158
11968274
11970899
11971220
11971351
11973072
11973191
11973409
11973578
11973681
11973706
11973943
11975738
11977034
11977131
11978436
11979987
11980090
11980717
11980902
11982424
11982496
11982522
11982753
11982854
11983250
11983570
11983891
11984185
11985207
11985278
11985626
11985951
11986257
11986262
11986403
11986416
11986455
11986636
11987077
11987266
11989074
11990198
11990322
11991395
11991487
11991574
11993493
11993671
11993735
11993974
11994060
11994148
11994536
11994761
11996056
11996375
11996510
11998150
11998222
11998275
11998320
11998601
11998690
11998961
11999529
11999896
12001408
12001695
12002011
12002139
12002214
12003582
12003674
12003860
12005841
12006296
12006682
12007449
12007719
12007882
12008233
12010119
12010152
12011663
12014390
12015364
12016318
12020506
12021363
12022862
12025376
12025912
12031026
12035011
12044360
12048968
12055474
12057367
12057473
12072360
12073986
12077876
12079996
12083890
12088417
12088467
12100868
12102069
12102120
12102745
12104748
12105213
12105552
12107633
12112141
12116910
12118959
12120932
12121069
12124783
12125086
12125220
12126736
12129230
12132048
12135334
12138972
12139365
12141417
12141690
12142067
12142494
12142908
12143420
12146339
12146486
12146697
12146765
12149806
12150157
12156142
12159258
12159621
12162002
12171684
12172266
12172393
12172807
12177432
12177733
12181372
12186503
12190400
12193735
12196393
12197874
12199772
12200130
12200339
12200429
12200674
12201832
12204330
12204557
12204565
12205601
12210177
12210552
12212715
12212824
12212963
12220502
12226004
12227811
12231127
12231151
12232829
12233967
12234109
12234603
12235872
12235976
12237232
12240219
12251799
12253774
12260487
12264535
12270270
12271459
12272003
12275030
12279634
12282296
12286750
12288532
12289057
12290926
12291408
12291511
12292505
12293291
12296588
12297971
12298349
12298884
12301805
12301910
12304263
12304621
12306149
12306301
12306977
12307217
12307561
12308175
12309273
12309872
12310620
12311514
12313984
12314099
12314522
12315469
12317945
12318172
12325675
12331988
12332016
12332990
12333761
12339040
12339688
12341109
12343560
12348089
12348790
12348797
12349019
12349376
12351339
12351424
12351622
12355051
12368563
12369040
12372741
12376452
12378524
12379101
12379137
12385011
12385184
12387216
12387292
12392516
12392660
12392851
12393056
12394314
12394432
12394543
12400138
12401814
12402023
12405116
12405275
12405424
12408717
12408781
12413017
12413252
12415549
12415940
12416174
12418278
12418496
12418529
12418608
12418798
12421377
12421581
12421641
12421778
12425121
12426340
12426893
12427100
12428269
12428374
12428876
12430627
12432878
12432996
12433143
12448240
12449531
12449938
12451373
12454470
12454777
12457740
12457826
12459180
12459257
12459465
12459554
12459587
12459708
12459814
12459835
12461908
12462739
12463510
12463562
12469153
12469259
12470654
12479130
12479374
12480058
12480103
12482830
12486269
12486685
12490199
12492666
12492900
12493200
12494070
12496184
12500782
12500979
12501510
12501660
12502075
12502178
12502237
12506263
12506355
12514588
12514820
12517244
12524664
12524810
12525943
12526997
12528356
12531487
12534930
12538509
12539235
12539812
12540193
12540553
12540672
12547815
12549108
12549420
12553596
12553678
12554037
12559520
12561526
12563460
12564249
12566974
12568758
12568918
12572740
12577359
12578479
12578915
12584582
12585701
12585834
12586445
12589485
12589589
12592675
12594876
12602638
12603030
12606766
12608213
12609324
12610592
12611136
12611288
12615249
12616037
12616041
12617614
12618593
12618671
12618764
12620908
12622773
12625367
12630309
12630425
12630856
12631427
12641128
12641259
12641580
12642811
12645931
12646181
12646533
12648283
12649651
12649910
12650193
12653328
12653825
12654619
12666038
12673129
12676928
12680920
12680964
12682258
12684556
12687573
12689952
12691084
12694565
12695301
12696903
12697110
12703808
12704256
12704612
12706698
12706804
12707150
12715719
12715823
12717394
12717536
12718606
12718673
12719259
12723616
12723914
12724897
12725092
12725847
12729903
12738570
12739969
12743441
12749188
12750856
12753727
12757112
12760354
12761932
12762950
12763418
12767567
12767921
12769792
12772946
12773671
12774048
12774476
12774859
12778219
12778302
12779003
12779217
12779432
12780565
12781902
12782507
12786177
12786302
12788707
12788768
12788906
12789238
12789961
12790124
12793608
12794054
12794207
12797504
12801778
12806399
12806556
12806677
12811215
12811828
12813575
12814622
12818360
12818479
12819749
12819834
12819874
12825558
12828418
12828531
12828895
12830328
12830549
12830986
12831090
12831322
12834349
12836171
12836544
12836689
12838438
12849188
12849640
12852815
12853100
12853253
12854273
12854400
12854598
12854816
12855619
12855718
12858248
12865102
12865442
12867484
12868455
12872354
12872443
12873096
12874807
12875771
12880276
12880655
12883881
12887146
12887319
12889319
12889463
12890353
12890823
12892853
12893010
12899864
12900620
12902358
12903046
12905571
12913201
12913286
12917439
12917814
12920018
12920172
12922745
12925900
12926232
12928306
12928531
12928868
12933539
12934777
12935098
12937180
12937849
12938139
12938328
12938391
12938646
12940023
12940179
12940220
12941408
12942357
12943466
12943785
12943885
12943973
12948978
12949102
12949233
12949322
12949371
12950563
12950813
12954543
12954911
12956209
12956738
12959377
12959467
12961685
12962491
12962582
12962624
12962682
12962724
12962766
12962874
12962966
12963768
12964077
12964291
12964383
12965693
12969199
12969866
12970828
12971328
12971453
12972807
12974240
12974314
12975138
12975980
12976062
12976388
12978968
12979908
12979990
12981383
12982546
12982623
12983231
12983633
12983677
12983788
12985622
12986180
12986217
12986332
12987575
12988080
12988171
12988465
12988510
12988855
12988915
12988983
12990318
12990388
12990678
12991003
12991047
12993304
12995616
13003770
13004727
13013833
13015283
13015681
13019161
13023855
13023951
13026638
13026838
13027541
13027862
13028199
13033700
13034499
13034824
13034918
13037743
13037834
13039884
13041824
13043114
13043507
13043654
13044350
13044608
13044723
13044911
13045284
13047935
13050623
13050692
13051747
13052889
13052971
13053306
13053418
13054210
13054262
13055436
13057965
13059638
13059773
13059955
13063992
13064364
13066705
13067227
13067483
13067521
13068425
13069658
13069883
13070545
13072430
13072520
13073021
13074137
13074506
13075175
13077329
13077402
13078002
13079679
13080171
13080364
13080645
13082711
13082849
13083874
13084505
13084677
13084863
13085983
13086092
13088033
13088393
13092002
13093750
13093858
13093924
13095361
13095620
13096316
13098088
13098158
13098439
13099712
13099889
13099972
13100117
13102992
13103517
13103761
13106493
13108470
13108578
13108918
13110143
13110144
13110851
13111036
13111563
13111756
13112087
13112109
13113160
13113250
13113772
13113973
13114902
13114995
13115433
13115514
13116299
13117444
13117853
13131165
13137299
13138786
13138871
13138957
13139110
13140658
13141059
13141160
13142183
13142358
13143087
13144034
13144428
13145091
13145200
13146723
13146897
13146999
13147124
13147679
13148925
13149289
13149788
13150948
13151021
13153613
13153909
13154830
13155863
13158176
13158269
13160475
13160487
13162266
13164834
13165513
13165592
13165640
13181856
13181870
13181981
13183773
13185471
13187817
13187964
13189453
13189585
13189790
13190326
13191088
13191645
13193202
13194632
13199154
13199792
13201103
13201388
13204420
13210401
13210535
13214310
13214584
13214957
13224294
13225587
13225741
13228198
13228842
13228872
13232611
13238485
13238578
13240491
13243115
13243205
13243508
13246726
13248180
