1
100
420
707
1234
5705
12777
12867
14177
14241
14739
14904
20977
30620
31057
33784
33912
33999
36493
39504
40417
42365
42812
44322
45844
45950
46018
46694
47987
49949
53080
53161
53259
53305
55727
55832
55987
56091
57694
58495
58700
59288
59833
60248
61513
61625
62336
62358
62711
63489
63610
63794
64109
64204
64312
64389
64544
66987
67030
68481
68845
69037
69697
69797
69891
69906
69978
70070
70186
70216
70439
70716
70821
70973
71048
71111
71311
71458
71698
72238
72272
72364
72467
72728
72735
72966
73071
73328
73774
74141
74230
74573
74830
74933
75694
76013
76344
76538
76667
76779
76919
77174
77327
77860
78221
78247
78480
79539
79915
80237
80347
81024
81561
81661
82075
82264
83135
83289
83531
84359
84507
84975
85061
85392
85584
86294
86379
86462
86555
86758
86792
87116
87244
87377
87531
88460
88504
89033
89160
89463
89810
90000
90055
90356
91203
91429
91742
92295
93545
95908
96087
96168
96596
97366
98123
98936
99472
99701
99851
100683
101010
101102
101264
101391
101859
103064
103319
103423
103739
105201
105238
105354
105465
105596
108138
108411
108586
109143
109409
109554
109679
109848
109957
110714
110898
111063
111441
111593
112846
112983
113022
113828
113960
114837
115313
115330
115432
116101
116229
116308
116486
116487
116614
117324
118024
118791
118913
119027
119231
119478
119742
119811
120055
120261
120365
120445
120547
120656
121474
121799
121987
122138
122690
122998
124532
124937
124989
125494
125669
125756
126545
126671
127146
127233
127631
128030
129653
129871
130066
130247
130340
131915
132256
134743
134908
135032
135045
135234
135489
135595
135604
136145
137469
137507
137599
140458
140540
140551
140727
140848
140919
140998
141321
141571
142325
142422
142505
142619
143067
143493
145049
145072
145363
145540
148843
149181
150370
150423
151881
152127
152388
152464
152838
152916
153115
153228
153494
153912
154080
154357
154889
156037
156887
157144
157243
157548
157625
157993
159002
159217
159276
159429
159451
159816
160678
161114
161490
161989
162319
163041
163054
163137
163206
163662
163778
163792
164198
164272
164317
164834
165078
165281
165497
165832
166028
166345
166660
168225
168513
169855
170062
171061
171201
171979
173422
173826
173877
173992
174078
174100
175594
175667
176647
178130
181345
181679
181896
182141
182245
182741
182885
183366
183481
183605
183675
183705
183757
183921
185928
186716
187855
187952
188106
188639
189691
190171
190461
190836
191066
191171
196369
196445
196620
196970
197183
197410
197842
198204
198230
198373
199771
201032
201218
201316
201626
201732
204737
204966
215438
217302
217451
218136
221191
223466
223648
224588
224941
229058
229645
229886
229965
230204
231458
231596
232106
232221
234023
237287
239478
239756
239776
241131
241199
241972
244627
244754
245089
246675
246793
246806
247008
247863
247915
247980
248062
248845
251608
253070
255237
255339
255575
258541
259280
259351
259531
259719
259804
260251
260346
261831
261906
261965
262006
262182
262191
264298
264509
264616
266351
266499
267016
267146
267170
267411
269730
269896
270014
270089
270147
270307
270536
271873
271913
272569
274419
274472
274767
276567
276842
277013
277191
277239
277312
280616
280880
280991
281414
281448
283575
284088
284108
284421
284537
285054
286569
286894
287286
287297
287470
287565
287687
288983
289980
289989
290051
290230
290591
292147
293313
293425
293468
293714
293932
294009
294209
295433
295689
295736
295803
295879
297207
297393
297568
298088
298203
299352
300003
300083
300296
300522
301827
302195
302258
303903
303972
304193
304241
304256
306524
306751
306829
309216
311263
311987
314096
314185
314323
321492
329517
333660
333890
334008
337548
337738
338036
338145
340081
340411
340763
341083
341140
341201
341216
341238
341707
344634
345293
345343
348424
348627
348651
349149
350086
351284
352703
352713
352723
353900
354469
354591
354745
354758
355357
355440
358055
358105
361298
361616
361732
361781
362814
362825
362972
363096
363107
364294
366129
368095
368653
368676
371589
371681
372386
374271
374367
375766
376307
378244
378420
378948
380673
384018
385844
386623
387934
388186
388683
390070
390275
390429
393120
393842
393916
395028
395112
395513
395585
395831
397927
398091
398202
399134
400539
401287
401468
401926
402275
403582
404650
404716
405106
405373
406306
407124
407519
407699
409841
409948
410383
413920
414126
415797
416144
416249
418192
418317
419245
419298
419840
419956
420506
421244
421984
422538
422560
422612
422752
424213
426532
429429
431492
433104
434117
434174
434649
436804
436923
438698
438847
440667
441772
442981
445770
446570
448743
451502
452272
452653
452916
453100
453120
453267
454642
455255
455853
456164
459201
459658
460126
460238
460935
461271
461449
463881
467457
469602
472182
473897
473913
474026
474030
474041
474923
475088
475467
478975
479171
479486
481072
481468
482075
482206
483074
484088
484709
485884
485898
487169
487265
487597
491789
492035
492606
492797
495237
496144
496220
496405
496574
500129
501265
501450
502054
504165
504266
504315
510221
513910
514071
514547
514861
514877
518652
518666
518708
518746
518780
521411
521653
524551
524635
525300
527243
528244
530775
531220
531510
531530
531674
531865
531884
532141
533619
533837
534867
534964
535012
535214
535567
535661
537345
537438
537974
538135
538611
538732
539767
539999
542029
542111
544031
544127
544238
548079
548513
551056
552025
552127
552997
554684
555330
555351
555510
557562
557637
558145
559083
559642
561619
562515
563313
567466
567677
567790
567848
567899
567997
568073
568210
569561
570633
570696
571063
571148
573303
573601
574530
574725
576707
579005
579093
579099
579268
579317
579530
581078
581294
581407
581679
582111
582788
583737
585057
585136
585326
585820
586062
586295
586352
586505
587238
588005
588231
588280
588423
590253
592970
593587
593621
593737
593934
595373
595680
596849
597859
602045
602250
606766
608318
608443
608493
610497
613889
614215
616281
616363
622595
622730
625024
625049
625358
625830
627042
629636
629731
629844
633155
634137
640082
640398
640506
643902
643986
644149
648581
648626
650551
654868
664489
667167
671196
673757
674111
677205
677282
678883
687305
688650
691952
700042
727613
727871
727884
729079
731797
731879
733788
740049
740178
754070
756453
756641
756729
756794
756832
766799
768908
770543
773378
773463
773554
780456
780559
780667
780809
786934
788832
788865
789801
790077
792548
795854
795899
796071
796401
796599
798549
798972
799952
800030
802309
805779
807041
809110
811175
813643
813785
814213
816941
818153
818274
818535
826595
826711
829842
829943
831471
831598
831609
831733
832187
833304
833708
833720
834875
835319
835962
839119
839378
839830
840306
840445
841369
841447
841582
842897
843901
845583
847060
848583
849144
851344
852926
853061
853115
853387
853683
853802
855222
855515
855590
855705
859960
859993
860006
861091
861536
861670
861843
861939
861977
861988
862331
862604
864032
864192
864332
865683
866249
866372
866414
866423
866523
866774
866942
867034
867148
867452
867558
869034
869166
869197
870071
870777
870913
871492
872010
872062
873483
874188
877202
883935
884119
884238
884422
884502
884537
884577
884749
885252
885642
885762
886213
886426
887108
887456
887478
889054
889324
889403
889428
889478
889568
889580
890383
890954
891317
891510
891686
891851
891916
891953
892151
892745
893978
893996
894211
894213
894368
894517
894635
894817
894917
894942
895106
895200
895424
895684
896157
896189
896229
896480
896654
896955
898113
898727
899425
899527
899905
901346
901413
901974
902124
902162
904245
906489
906752
906770
907015
907078
909177
909215
909405
911036
911188
913490
913533
913620
913650
913834
913849
913975
914240
915906
915965
916039
916071
916430
918902
918944
919013
919054
919114
919565
919588
921372
921669
921728
921857
921966
924351
924443
924610
924724
926347
926994
927466
930324
930429
932237
933809
934051
934592
939139
939518
939603
939719
941938
942021
942150
942680
942978
944387
944578
947534
950106
950329
950371
950797
951601
953132
955486
956527
956826
957376
957442
958320
959407
959635
959739
959912
960076
960148
962471
962617
963814
964344
966514
966691
967099
967830
968311
969673
969866
970115
970597
973564
974230
974958
975059
975296
976165
976490
978337
979821
981065
982627
982812
984009
985379
985917
986049
988414
990345
990902
992165
993040
993322
994712
995055
995214
995980
997320
997409
999222
1000270
1001082
1001745
1006173
1007268
1007345
1016128
1016451
1018877
1026442
1034249
1034315
1034561
1035834
1042727
1043196
1043313
1044112
1044719
1045595
1045986
1046101
1046236
1047765
1048975
1049889
1052160
1052310
1053692
1054075
1054538
1055302
1056765
1057299
1057309
1058139
1058150
1060952
1061433
1061981
1062241
1066523
1067358
1067873
1068128
1069646
1069941
1070058
1077655
1080605
1081867
1082182
1082536
1082723
1082759
1082890
1084215
1084580
1085588
1085777
1088658
1088840
1089090
1091026
1091447
1096122
1098561
1099454
1102463
1106558
1109869
1110518
1110769
1111148
1111247
1112491
1113946
1114569
1117040
1117188
1117232
1117378
1117477
1119480
1119660
1121311
1121525
1121797
1122313
1122435
1122462
1125246
1125403
1125605
1127920
1127998
1128079
1128258
1129036
1129825
1129901
1130062
1130160
1130207
1130409
1130571
1130646
1130831
1132519
1133397
1133483
1133696
1134499
1134747
1134967
1136165
1136298
1136867
1137198
1137237
1137993
1138065
1138074
1138285
1138416
1138683
1139348
1139436
1139831
1140477
1140536
1140719
1140807
1140897
1141363
1141454
1141462
1141760
1141818
1142307
1142461
1142891
1142933
1142989
1143101
1143424
1143680
1143921
1144109
1144183
1144646
1144767
1144802
1145301
1145587
1145624
1146399
1146498
1147146
1147276
1147699
1147759
1147816
1147893
1148463
1149441
1149535
1149657
1149986
1150183
1150233
1150465
1150826
1151710
1151960
1152147
1152187
1152276
1152455
1153014
1153128
1153244
1153433
1153596
1153868
1154318
1154393
1154469
1154563
1154938
1155483
1156181
1157298
1157396
1157434
1158056
1158196
1158947
1158983
1159213
1159532
1159766
1160052
1160090
1161321
1161432
1161822
1162046
1162063
1162772
1164515
1165514
1167114
1169316
1169707
1170858
1171462
1180809
1184750
1184827
1188871
1191182
1191753
1191827
1192124
1192430
1194300
1194342
1194774
1198397
1200342
1200572
1208405
1209039
1210251
1210328
1210624
1210952
1211073
1211101
1211386
1211580
1212258
1213377
1214080
1214180
1214600
1216027
1216203
1218510
1224652
1225757
1225972
1226140
1226245
1227976
1228207
1230607
1232194
1236008
1236136
1237034
1237550
1240498
1243124
1243136
1244194
1246037
1246369
1248940
1249044
1249086
1251288
1251921
1254618
1259315
1260435
1265876
1265963
1266478
1275431
1275641
1279520
1280511
1284125
1289890
1290162
1291504
1293427
1294253
1294509
1294918
1295012
1295032
1295063
1295124
1295301
1296813
1298417
1300484
1302546
1302648
1303135
1303759
1304047
1304310
1305317
1305553
1306934
1307088
1311532
1311891
1312752
1313096
1313274
1314399
1314518
1319303
1322329
1324063
1325420
1326405
1327130
1327259
1328424
1328726
1328888
1330789
1334079
1338065
1339210
1339477
1348303
1348643
1348841
1350458
1350966
1351573
1351721
1351787
1362866
1373331
1376447
1379158
1379319
1385495
1386784
1392575
1404871
1405188
1417757
1418719
1418822
1418924
1420233
1420384
1423113
1424857
1426797
1426891
1430445
1431795
1432368
1437143
1441620
1443644
1443811
1444876
1446994
1447124
1448391
1449611
1455752
1457298
1458124
1458452
1458793
1458872
1460305
1460898
1461362
1464170
1465032
1465226
1466036
1466117
1466178
1466417
1469239
1471483
1474372
1476623
1476697
1476947
1477532
1483407
1483727
1489773
1490546
1490730
1491219
1493234
1493654
1493992
1495499
1495575
1496850
1496862
1498727
1500452
1502095
1502652
1503248
1503544
1504533
1505970
1508362
1508513
1508538
1508976
1508990
1509050
1509493
1510783
1510914
1512783
1512882
1513557
1513894
1513913
1514826
1514913
1514994
1515790
1515957
1516445
1516557
1518399
1519305
1520901
1521785
1523377
1523511
1524458
1525356
1526408
1530103
1530411
1534642
1535051
1535979
1536125
1536245
1537807
1538048
1540241
1540315
1540392
1540457
1540721
1540733
1541341
1542127
1542149
1542724
1543103
1543373
1543500
1543697
1545552
1548302
1548488
1548571
1548798
1548879
1549841
1550027
1550571
1550658
1550889
1551042
1551449
1552126
1552859
1553037
1553225
1553453
1554066
1554217
1554297
1554599
1554807
1556139
1556195
1556843
1557084
1560340
1560739
1560902
1560942
1561252
1561323
1561529
1561632
1562398
1562518
1563117
1563327
1563875
1564687
1564733
1564805
1565523
1565626
1565738
1565855
1565872
1566127
1566164
1566372
1566637
1567915
1567962
1567992
1568656
1568985
1569203
1569466
1570265
1570379
1570502
1571190
1571215
1571554
1571691
1572447
1572839
1573030
1573319
1574948
1575764
1579618
1579724
1580000
1580496
1580818
1581133
1585407
1587536
1589723
1589900
1589928
1592067
1593804
1593904
1594083
1600708
1609772
1610548
1610704
1627061
1627068
1627076
1627242
1627253
1630947
1630967
1631145
1631373
1631923
1634775
1634993
1635129
1635994
1636076
1640498
1640564
1640670
1640955
1641248
1642788
1643127
1643298
1643461
1643546
1644333
1644691
1644753
1644850
1645335
1645623
1645750
1646148
1646196
1646238
1646440
1646492
1646632
1647618
1647679
1647793
1649475
1650513
1650567
1650647
1652065
1652073
1652080
1652144
1652153
1652164
1652225
1652236
1653144
1653718
1653918
1654571
1654850
1656122
1656430
1664631
1669526
1669609
1672272
1672846
1673021
1673516
1674098
1675573
1675746
1678798
1678917
1679862
1679896
1680859
1680893
1680895
1684563
1693941
1696508
1696641
1700062
1700150
1701225
1701335
1701507
1708452
1710787
1710930
1710972
1711071
1711275
1711436
1711852
1714253
1717740
1722551
1723372
1723515
1723899
1723913
1724367
1724428
1724439
1726286
1732436
1732593
1734242
1734350
1736107
1739188
1739304
1739492
1743135
1744026
1744527
1761176
1763187
1767088
1768378
1768556
1769114
1769219
1769388
1778138
1781058
1798446
1799712
1800045
1800766
1802454
1802744
1809964
1810147
1810339
1810642
1816569
1816641
1816730
1816871
1817147
1817219
1822032
1826921
1827105
1830763
1836456
1844810
1851651
1852191
1852230
1852839
1857720
1860080
1862029
1862214
1862494
1864938
1865017
1865052
1865100
1865139
1865179
1865320
1866892
1866969
1867090
1876096
1876389
1876547
1883864
1887563
1887671
1891241
1895026
1896126
1896215
1896283
1896314
1896451
1896515
1896588
1896671
1896905
1897082
1900838
1905563
1905662
1911871
1913048
1913182
1914625
1920834
1922973
1924451
1924708
1924785
1924972
1924981
1925335
1925402
1925435
1925745
1926237
1930227
1930364
1930530
1931542
1932073
1932141
1932280
1932770
1933058
1933645
1933962
1934364
1934387
1934918
1935593
1935699
1936689
1936700
1937061
1939431
1944266
1944373
1944382
1944465
1946063
1950122
1951028
1954091
1955680
1956825
1959416
1960828
1965157
1965995
1967276
1970200
1971148
1971867
1972105
1972544
1972603
1972643
1973252
1974692
1975121
1976532
1976545
1976663
1976892
1976954
1977009
1979055
1979136
1983274
1983302
1984229
1984343
1987570
1989905
1990575
1990723
1991078
1991369
1991764
1992386
1993443
1993679
1995015
1996076
1996303
1996357
1996440
1996846
1997108
1997426
1998038
1998068
1999483
1999645
1999821
2000178
2000199
2000257
2000582
2000961
2001039
2001084
2001102
2001272
2001404
2001551
2001692
2001888
2002026
2002048
2002183
2002335
2002531
2003513
2003567
2003985
2004852
2008638
2008727
2008828
2009579
2010877
2011205
2011357
2013205
2013321
2013929
2014560
2016204
2016393
2016729
2016995
2018393
2018646
2018765
2019487
2019635
2020187
2020274
2022201
2022395
2024599
2024715
2025830
2029035
2030288
2030354
2031374
2032059
2033138
2034270
2034308
2034349
2034972
2035310
2036795
2037349
2037445
2037475
2038279
2039798
2041858
2042025
2042682
2045015
2046874
2047856
2050836
2052982
2053662
2058615
2058975
2061441
2061783
2062049
2063639
2063730
2064550
2064613
2067756
2067793
2068071
2068125
2068265
2068345
2068397
2068928
2072322
2072472
2072515
2072621
2072978
2074261
2074378
2074855
2074917
2074942
2075324
2075420
2075612
2076830
2077265
2078307
2078509
2078611
2078709
2078795
2079003
2083303
2083805
2086320
2086605
2090363
2092377
2092455
2094437
2094844
2095070
2095113
2095179
2095235
2095329
2095403
2097647
2097748
2097826
2098796
2098853
2099452
2099501
2099609
2099722
2099977
2100963
2101066
2101642
2101717
2101895
2102063
2102322
2102923
2103028
2103285
2103493
2103503
2103612
2103783
2103806
2104807
2105180
2105268
2105286
2105434
2105508
2105714
2107004
2107119
2107122
2107132
2107235
2107727
2109146
2109494
2109996
2114746
2115412
2117071
2119201
2119247
2119560
2119628
2119746
2120149
2120260
2120381
2120846
2120979
2121863
2122294
2122320
2122402
2122819
2122911
2122928
2123009
2124507
2125271
2125305
2125428
2125525
2127418
2127599
2129533
2129605
2130178
2130314
2130381
2130449
2131723
2131745
2131998
2132203
2133092
2133137
2133225
2133803
2133912
2134617
2134780
2135450
2135951
2136801
2136900
2137493
2137912
2138110
2140282
2140468
2140912
2141641
2141837
2142150
2142800
2144777
2144889
2145251
2145571
2145633
2145703
2145763
2146713
2147029
2149979
2154495
2157404
2157473
2157877
2160376
2160467
2160586
2160627
2161117
2163619
2163862
2164062
2164136
2164292
2164430
2165702
2165779
2165915
2166109
2166474
2166577
2166588
2166614
2166733
2167136
2170324
2170456
2170904
2171343
2171573
2173555
2173806
2174176
2174486
2174650
2176749
2176826
2176960
2177273
2177799
2178103
2178780
2178798
2178811
2178832
2178994
2179004
2181083
2181120
2181135
2181230
2181399
2181614
2181838
2181914
2184372
2184937
2185473
2185531
2188020
2188088
2188203
2188298
2189075
2190479
2191206
2191298
2191471
2193407
2193547
2193640
2193677
2194102
2194163
2194396
2197825
2197989
2203248
2203995
2204194
2204291
2204409
2204419
2206952
2210007
2210843
2210974
2213210
2215774
2216381
2216636
2216788
2219438
2219475
2219590
2219599
2219610
2219797
2219810
2220331
2221665
2225812
2226012
2226034
2226301
2226388
2226545
2226831
2229587
2229687
2230318
2232445
2234910
2235058
2235322
2235379
2240391
2242087
2244556
2244653
2244856
2248627
2248942
2249181
2249341
2249440
2249766
2250501
2250654
2250892
2251245
2251507
2255951
2256151
2256239
2256602
2256640
2256685
2256738
2256792
2256841
2256871
2256991
2260007
2260013
2263017
2263149
2263340
2263535
2263558
2265649
2265730
2266041
2266257
2266701
2267394
2270045
2270326
2270365
2270422
2270633
2271837
2272182
2277587
2278423
2278548
2278696
2279017
2279120
2282102
2282259
2282331
2282371
2282595
2282786
2285447
2285770
2285782
2286959
2287614
2291342
2291704
2291935
2292162
2292287
2294552
2297901
2298079
2298689
2300736
2301002
2301293
2301486
2301629
2304013
2304400
2304564
2304616
2304906
2305154
2305868
2307356
2307670
2308156
2308346
2308711
2310664
2311797
2317825
2319645
2319971
2322472
2322983
2325935
2325976
2327045
2327276
2327290
2327303
2327315
2327385
2327396
2329126
2329250
2329325
2330763
2331812
2331887
2332245
2332253
2332261
2332301
2332336
2332348
2332349
2333554
2333689
2334056
2334200
2334336
2339385
2341550
2346354
2346525
2347361
2347413
2347438
2350482
2350867
2351074
2351252
2354005
2354574
2354685
2358490
2361222
2361512
2362057
2367514
2368663
2370219
2370366
2371629
2371675
2372016
2374212
2374404
2374986
2378607
2378838
2379240
2379626
2386223
2386556
2390029
2390152
2390293
2390611
2390660
2390890
2391030
2391438
2391986
2392114
2392294
2395097
2396469
2396955
2397250
2398381
2399691
2399768
2400209
2400720
2402668
2402780
2402921
2402994
2403142
2403198
2403301
2405369
2405950
2406039
2407529
2407706
2407971
2408000
2408003
2408245
2408423
2408611
2408738
2408745
2408935
2408947
2410344
2414161
2414568
2414638
2414677
2414723
2414933
2414954
2415260
2415416
2415475
2417367
2417554
2417693
2417728
2417789
2417938
2418223
2419024
2419377
2419451
2419672
2419938
2420046
2420202
2420328
2420740
2421439
2422834
2423126
2425284
2425608
2426681
2427067
2427437
2427518
2427781
2430700
2431739
2432810
2433215
2433746
2433815
2434200
2435143
2435380
2436450
2436654
2437098
2437457
2438133
2441352
2442525
2444044
2445129
2447151
2449076
2451184
2452880
2452959
2452969
2453074
2453094
2453928
2454296
2455521
2455723
2456341
2457500
2458350
2458401
2458505
2458525
2458706
2458728
2458784
2458923
2459277
2460636
2460655
2460668
2460754
2460767
2460852
2461087
2461099
2461552
2461995
2463045
2463422
2464058
2465602
2465622
2465801
2468634
2470133
2470420
2470593
2470833
2471985
2472381
2473860
2475341
2476432
2478183
2481891
2482023
2483072
2483784
2484482
2485177
2485193
2485624
2486603
2486739
2488008
2488087
2488131
2488173
2488259
2488765
2489348
2489399
2490490
2490500
2491024
2491104
2493085
2493345
2493455
2493574
2494404
2494690
2494885
2496774
2496975
2498718
2498877
2499551
2500237
2500578
2505029
2505769
2505854
2506205
2507797
2508690
2509347
2509378
2509491
2511368
2511973
2512369
2514505
2514680
2514816
2514920
2517650
2522967
2523206
2525932
2529579
2529739
2531949
2532203
2532315
2532413
2533062
2534815
2535075
2535207
2535237
2536653
2536973
2537099
2539193
2539251
2542448
2542550
2543001
2543442
2547039
2547047
2547054
2547159
2547170
2547258
2547261
2547278
2547497
2547505
2547611
2547756
2547780
2547815
2547835
2547897
2548077
2553390
2554726
2555476
2555567
2555680
2555813
2556030
2558452
2558491
2558938
2561647
2562488
2563093
2563244
2563561
2563650
2564231
2566069
2566484
2566607
2567752
2567831
2567953
2568424
2569036
2569454
2570560
2570769
2572466
2572567
2572622
2573321
2573555
2573578
2574276
2575254
2575381
2575438
2575681
2576436
2577086
2577353
2578041
2578210
2583497
2585249
2586971
2587670
2588184
2589331
2589942
2590220
2591448
2591573
2592241
2602223
2618140
2629674
2629813
2629932
2630647
2631675
2632579
2633203
2633241
2633247
2653007
2654337
2655251
2658009
2674933
2696578
2707741
2708028
2708411
2712921
2713228
2723936
2738583
2738589
2738598
2738639
2759310
2769644
2779870
2782519
2790126
2792687
2794636
2795229
2795245
2801272
2801338
2801388
2801636
2802659
2802748
2812931
2824046
2825091
2826334
2826588
2826645
2826658
2835020
2835432
2840354
2843514
2844003
2845262
2845463
2845623
2846591
2846983
2847579
2847857
2848682
2848752
2848983
2850964
2851714
2852040
2853963
2854288
2855079
2856439
2860698
2861247
2861580
2864728
2865517
2865871
2868652
2876550
2876645
2885410
2885535
2886101
2892629
2892676
2892766
2893214
2893227
2893230
2893269
2893300
2893320
2893363
2893399
2893409
2893875
2894101
2896116
2897713
2897719
2897734
2897784
2897789
2897804
2900577
2900641
2900657
2900662
2900728
2900733
2900746
2900844
2900856
2900868
2902147
2902846
2902926
2902992
2903109
2903117
2903200
2903213
2903330
2903341
2903448
2903458
2903549
2903626
2903729
2904439
2905029
2905968
2906174
2906195
2906246
2906260
2906267
2906537
2906651
2906848
2906925
2906938
2907716
2907796
2907978
2910425
2910779
2910888
2914957
2915277
2917034
2917671
2932815
2936573
2936666
2949878
2950075
2950561
2950693
2960845
2960898
2961059
2962493
2968760
2969206
2970078
2970274
2970581
2971621
2972807
2975540
2976832
2980542
2982322
2984736
2985759
2985891
2986057
2986119
2988086
2990079
2990093
2990229
2990241
2997979
3018317
3018756
3019540
3020015
3022909
3043545
3062948
3068968
3069300
3069453
3069722
3076506
3076991
3078920
3080517
3080569
3080690
3084974
3085704
3085890
3085994
3087481
3099944
3100632
3103425
3103557
3103832
3112909
3113301
3119870
3123458
3130009
3131053
3136393
3138984
3147582
3151422
3151812
3158019
3160305
3164602
3164625
3164682
3165278
3166046
3168337
3169980
3170115
3170368
3171391
3171528
3172216
3172375
3173679
3174186
3174618
3175917
3176909
3177172
3179068
3179921
3179933
3179988
3180000
3180144
3180153
3180154
3180194
3181530
3182571
3182650
3182968
3182990
3183153
3183382
3183987
3184034
3185876
3185997
3186086
3186547
3186852
3186886
3187287
3187432
3187440
3187447
3187525
3187538
3187700
3189096
3189876
3192403
3192519
3193146
3194495
3194899
3197464
3201863
3202056
3202498
3202604
3203256
3203325
3203816
3203886
3204026
3204519
3204607
3205147
3205187
3205877
3205941
3206140
3209788
3209868
3210069
3210159
3211709
3211920
3212766
3213014
3213513
3213663
3213679
3213731
3213881
3217827
3218462
3218573
3220389
3220883
3220976
3221459
3224264
3224323
3224465
3228096
3228195
3228304
3230861
3231083
3231085
3231260
3231298
3231317
3237200
3237595
3237614
3238080
3245144
3248092
3248424
3250391
3253860
3253976
3254171
3255725
3257350
3258136
3265071
3269264
3269697
3273715
3277329
3277610
3278467
3279706
3283516
3292962
3294613
3295583
3295866
3296131
3296236
3296370
3298404
3298745
3299014
3299023
3299235
3299366
3299549
3299867
3300069
3300137
3301606
3301685
3305539
3305886
3306209
3307088
3309560
3310782
3311077
3311550
3311847
3311969
3312731
3315102
3315519
3317423
3317695
3318528
3321246
3325434
3329930
3330198
3336500
3340101
3340232
3341266
3341422
3341441
3341778
3341834
3344557
3346625
3346631
3346649
3346784
3346802
3346902
3346913
3347385
3347649
3347839
3349623
3349794
3351492
3351569
3352374
3355318
3356481
3356579
3356647
3356717
3356829
3359704
3359803
3361030
3362169
3362502
3365028
3365110
3365239
3365304
3367301
3368665
3369050
3371407
3374266
3374437
3374713
3374891
3378254
3381795
3381909
3381936
3382029
3382145
3382172
3382316
3382503
3385879
3386064
3386749
3386906
3386988
3387008
3387031
3387040
3387055
3387359
3387931
3388033
3388544
3390672
3391497
3391821
3395315
3396962
3396982
3396993
3398639
3402605
3403386
3403454
3404977
3406725
3409628
3409713
3409965
3410097
3410787
3410966
3410979
3411257
3411382
3411421
3411627
3413356
3413405
3413479
3413754
3413771
3413781
3413832
3418614
3418747
3422273
3423386
3423435
3428268
3428352
3428768
3433567
3439531
3439660
3439969
3440240
3448565
3448948
3451069
3458997
3459562
3459633
3461301
3465962
3467154
3467718
3468258
3471271
3472132
3472493
3474407
3474614
3474709
3474874
3475066
3475144
3476894
3478556
3478769
3478846
3479051
3480041
3483170
3483643
3483865
3484026
3484204
3484992
3485323
3485453
3488327
3488477
3490108
3491579
3492187
3493803
3493916
3494414
3495833
3501229
3501265
3506105
3507312
3508690
3509013
3509102
3509165
3509377
3509436
3509585
3509751
3511098
3511436
3511787
3512412
3512481
3512673
3512997
3513177
3513539
3514648
3517520
3517722
3518233
3518347
3518407
3518697
3519427
3519668
3522391
3522460
3523074
3523109
3523311
3526158
3526518
3528401
3528433
3528516
3528653
3528789
3528806
3528870
3528999
3531114
3531259
3531392
3531486
3531567
3532392
3532617
3534975
3535282
3535368
3537832
3537855
3539662
3539990
3542020
3542097
3542220
3542774
3542790
3545161
3546523
3546732
3546817
3547121
3547161
3548022
3548397
3549157
3551633
3552335
3552503
3552596
3552711
3553809
3559478
3560600
3561283
3563154
3563283
3563669
3564558
3566741
3567057
3567362
3570943
3571323
3571341
3573484
3574234
3576576
3579123
3585536
3598975
3599150
3603443
3606313
3606382
3607162
3609617
3609655
3613386
3614102
3614314
3618087
3618745
3619006
3624450
3628748
3629133
3639762
3640384
3640456
3640609
3641672
3651578
3652621
3662175
3663058
3666898
3667018
3677700
3680863
3691467
3693332
3698211
3704587
3704789
3705013
3709520
3709675
3714725
3717392
3718330
3727448
3732351
3732496
3742884
3743002
3753870
3756274
3761788
3767264
3767991
3768540
3768880
3775945
3775959
3775964
3776028
3776032
3776039
3776049
3783821
3786629
3787909
3793258
3793273
3793349
3793358
3794992
3796575
3796756
3796994
3797147
3797585
3798319
3804771
3808360
3810997
3811164
3817865
3820323
3829282
3829388
3829585
3829855
3848383
3854418
3855066
3858723
3859216
3859368
3859874
3861502
3878649
3883887
3885699
3887101
3889865
3893561
3897185
3897716
3898464
3898564
3900121
3900157
3903632
3903893
3905933
3907742
3908287
3908510
3913734
3917530
3919374
3924857
3926611
3927092
3927241
3927369
3927519
3927658
3927870
3927986
3928075
3929734
3930119
3933658
3933991
3935209
3935249
3935335
3936801
3936816
3936924
3936936
3938035
3938327
3938826
3938919
3939101
3939236
3940493
3940724
3948294
3951692
3956149
3962049
3964611
3968227
3970876
3972429
3973019
3973133
3976173
3976357
3979422
3979562
3979703
3982295
3982386
3982501
3983562
3983626
3983714
3983935
3984686
3985106
3985246
3986495
3986682
3991706
3996169
3996897
3999295
4005908
4008903
4009050
4011799
4012894
4028094
4028413
4036141
4036638
4037739
4043697
4047610
4050201
4050614
4061849
4061923
4062073
4062318
4062594
4066194
4068075
4074317
4075911
4076183
4080171
4081411
4081778
4094520
4097331
4097512
4098586
4099656
4099952
4100114
4100244
4100388
4102550
4102650
4103349
4103420
4103520
4105629
4105701
4105843
4109176
4109238
4109756
4109995
4110248
4110357
4110421
4110468
4110597
4110727
4111046
4111727
4111792
4111979
4115130
4118649
4118929
4122933
4127001
4136471
4144210
4158564
4158628
4158836
4159224
4159407
4160797
4163321
4163770
4168794
4171920
4173723
4188440
4192118
4192374
4192476
4192518
4192550
4192813
4200539
4206973
4207110
4219175
4227747
4230654
4230792
4232503
4245085
4245199
4250880
4254649
4257196
4260017
4260142
4260643
4260944
4262705
4266210
4266320
4267531
4268169
4268420
4270652
4271494
4271702
4271973
4276106
4276520
4277297
4277457
4279381
4280947
4281326
4282766
4283597
4283701
4283839
4283935
4285447
4287364
4287683
4288114
4288381
4288683
4288887
4290252
4290924
4291132
4291683
4291767
4292602
4294563
4301936
4302764
4306765
4309357
4309784
4310997
4311019
4314096
4324858
4332610
4335774
4335996
4336127
4336604
4336676
4337310
4337504
4337627
4341098
4342510
4344063
4344400
4346289
4348745
4349130
4350669
4356497
4356580
4356716
4359869
4361937
4362355
4362364
4362480
4364618
4367654
4368435
4370988
4371031
4371097
4371118
4371323
4371407
4373769
4374014
4374145
4374298
4374569
4376607
4376933
4377043
4379985
4380425
4381199
4381317
4381351
4384471
4384617
4384875
4385168
4385290
4387090
4387402
4387605
4387976
4388323
4390571
4394351
4394702
4395054
4395067
4395083
4395136
4395301
4396991
4397107
4397949
4399794
4401554
4401564
4401990
4402359
4402454
4408234
4411165
4411203
4411213
4418997
4426722
4431418
4431606
4446909
4448969
4449890
4458590
4459079
4461628
4465867
4471394
4473640
4473963
4480623
4483735
4483941
4486873
4493405
4494800
4496696
4496929
4502103
4502920
4503224
4503631
4503719
4503918
4517501
4517618
4517914
4518110
4522441
4530457
4534760
4541480
4571035
4571164
4578439
4578615
4581609
4583910
4588093
4590543
4603558
4603642
4605188
4612292
4612466
4612979
4618045
4620466
4621082
4626261
4627374
4632130
4633677
4635264
4635341
4635440
4635531
4635655
4635904
4637644
4637956
4639693
4641543
4641701
4641731
4643230
4646206
4646668
4648035
4655271
4655645
4655815
4658359
4659820
4659924
4665481
4668157
4669938
4670080
4670426
4670446
4670875
4671090
4682576
4684162
4687558
4690204
4694634
4695229
4695955
4698403
4699019
4699255
4699300
4700887
4704819
4709177
4709887
4713181
4713241
4715130
4723077
4723454
4726226
4728405
4729235
4729550
4737749
4738006
4738152
4738255
4738475
4746122
4751132
4751328
4751570
4751733
4751781
4751955
4752087
4752343
4754063
4754806
4756217
4756440
4756597
4756742
4756796
4756861
4756993
4758270
4759298
4759433
4761693
4761824
4761863
4761918
4762244
4763643
4764078
4765451
4767237
4767755
4768294
4768406
4769929
4772212
4772602
4773053
4773177
4773586
4774481
4774573
4775154
4775389
4775506
4778212
4778580
4778691
4778883
4779193
4779240
4780799
4781014
4781674
4782040
4782163
4782494
4782854
4782878
4782942
4783103
4783371
4783669
4783681
4783848
4783856
4783972
4784315
4784321
4784444
4787462
4787946
4788619
4788737
4790333
4790402
4792796
4794740
4794994
4798567
4799135
4800808
4803380
4803844
4805159
4808583
4811169
4811425
4811587
4811940
4812038
4812698
4813256
4813740
4815669
4816011
4816023
4816157
4817873
4819345
4822699
4823649
4824822
4824832
4826568
4826698
4827361
4827548
4827934
4828822
4829083
4829804
4830696
4832566
4832887
4836239
4836344
4836501
4836580
4836596
4836707
4836822
4837385
4838734
4839119
4840161
4840596
4841008
4841203
4841252
4842272
4842401
4842620
4842985
4843448
4843467
4843601
4844424
4844451
4844674
4844797
4845741
4845804
4846109
4846341
4846513
4847607
4848337
4848458
4849017
4849831
4849983
4850112
4850413
4850482
4850540
4852410
4852477
4852845
4853795
4854622
4854970
4856290
4857861
4862080
4862375
4862590
4862688
4863597
4863631
4865767
4865953
4866596
4866639
4867647
4867767
4868775
4869036
4870179
4871715
4872463
4872482
4872556
4873573
4873663
4874817
4874909
4877496
4877908
4878091
4881205
4883320
4884246
4886625
4886646
4887172
4888003
4888342
4888688
4892906
4893436
4893542
4898118
4898745
4898822
4898967
4899094
4899334
4899358
4900947
4901049
4901429
4901951
4903875
4904103
4906363
4906470
4907039
4907164
4907965
4908058
4908466
4908571
4908667
4912857
4915470
4915622
4915702
4916184
4919266
4919626
4919830
4920189
4923684
4924011
4924168
4927143
4927311
4927415
4927434
4927438
4930259
4940815
4941140
4941203
4943570
4943696
4944080
4944286
4944324
4944418
4944965
4945104
4945441
4945450
4945802
4945917
4946103
4946547
4946776
4953625
4953748
4953862
4954051
4957742
4957888
4959141
4961088
4961320
4962194
4962925
4963215
4963267
4963786
4965331
4965347
4965602
4965740
4965798
4966047
4967145
4967966
4970513
4970658
4975184
4975431
4975536
4975640
4975837
4975844
4976251
4977976
4978054
4980562
4980678
4980937
4981047
4981120
4981472
4981666
4982554
4982568
4982644
4983251
4983326
4983501
4983676
4983932
4986220
4986239
4986408
4986425
4988669
4988808
4989053
4989209
4989358
4989501
4989514
4989664
4989750
4991744
4991925
4993149
4993243
4993459
4993503
4993576
4993593
4993819
4995595
4996245
4998341
4998429
5000787
5002699
5011974
5011998
5012207
5012901
5013065
5016369
5019232
5021924
5022798
5022991
5025166
5025779
5028213
5028272
5028313
5029346
5029608
5037903
5037981
5039372
5039912
5041014
5042009
5043275
5044289
5044316
5045512
5046689
5047370
5047376
5049687
5050298
5050455
5050644
5051077
5051166
5051242
5051250
5051440
5051573
5052249
5052313
5052386
5052574
5052819
5052988
5053474
5053618
5053815
5054236
5054352
5054427
5054921
5055467
5056110
5056179
5056295
5056438
5057385
5057469
5058288
5058402
5060298
5060472
5061212
5062853
5062939
5063765
5064785
5064834
5065048
5065203
5066761
5066950
5068602
5068793
5069323
5069686
5069969
5070051
5070161
5070366
5070467
5070928
5073407
5078286
5078620
5079316
5080324
5081238
5082621
5083525
5083620
5085238
5086414
5087947
5089249
5090516
5090720
5092830
5092922
5093030
5093126
5093372
5093423
5093540
5095171
5095292
5095622
5095805
5095865
5096443
5096482
5096882
5097023
5097038
5098808
5100655
5100738
5103986
5104362
5104571
5104670
5104776
5106253
5106570
5106587
5106785
5107135
5108526
5108717
5110926
5111041
5112826
5112984
5113496
5113645
5113879
5117030
5119136
5119875
5120062
5122373
5127140
5127793
5128063
5128134
5128257
5129189
5129353
5134781
5134975
5136012
5136117
5137763
5138858
5139811
5142325
5142829
5144796
5147071
5147480
5147485
5147698
5150767
5151221
5152092
5154667
5155689
5160406
5162801
5163155
5163278
5166782
5167117
5167417
5167630
5172935
5173097
5176595
5176675
5180441
5182107
5182361
5183704
5183913
5184326
5187385
5187879
5188387
5192085
5193702
5198631
5198781
5202174
5202279
5205190
5206874
5209308
5210227
5212498
5212803
5213048
5214695
5214834
5215464
5215759
5215974
5216154
5218310
5218420
5218807
5218922
5219177
5221911
5222460
5222715
5225000
5226151
5227729
5233518
5233968
5234384
5234823
5238333
5238441
5239759
5242871
5243560
5243593
5243685
5245956
5246187
5247512
5248042
5248576
5249614
5252434
5253192
5253334
5254364
5257539
5259151
5259898
5261249
5263256
5263356
5265725
5267745
5268113
5268230
5272959
5273635
5281224
5282901
5286440
5292334
5292489
5292701
5293057
5297094
5297744
5302489
5312516
5317890
5318161
5318598
5319619
5323635
5335793
5337237
5340743
5340878
5341061
5341195
5341339
5342288
5342309
5342368
5348032
5349905
5350023
5352268
5352481
5354044
5356089
5356298
5359232
5359452
5360889
5361226
5364075
5369318
5369473
5377947
5378227
5378327
5380925
5384588
5394346
5394930
5396076
5396212
5399827
5401201
5401805
5402410
5403200
5403383
5403479
5403834
5405685
5405766
5408225
5409962
5413306
5413939
5414239
5414766
5414844
5415034
5416007
5416819
5418503
5419252
5419845
5421955
5423337
5424868
5429619
5430494
5432372
5433869
5435755
5435825
5437247
5437343
5441856
5441982
5443640
5446870
5447211
5447672
5449496
5450812
5454072
5454671
5454926
5456809
5458612
5459194
5459425
5459436
5459805
5461147
5462007
5464748
5466269
5466337
5468027
5468841
5469446
5469676
5469734
5475403
5475489
5475752
5475843
5476057
5476138
5476166
5476231
5478482
5479297
5480246
5481452
5481989
5484757
5485098
5485224
5486547
5487401
5487493
5487604
5488657
5489008
5489035
5489925
5492265
5493029
5493131
5493298
5493693
5493874
5494207
5494271
5494384
5495673
5496042
5496459
5496683
5497034
5497347
5497614
5497769
5498024
5498188
5499879
5500058
5500219
5500224
5500928
5501010
5501493
5501551
5501573
5501785
5501853
5502156
5503894
5504030
5504505
5504698
5505045
5505187
5506047
5506058
5506397
5509544
5509697
5509889
5509909
5509972
5510294
5511696
5511978
5512226
5512473
5512526
5512556
5512747
5513132
5513169
5513256
5513271
5514735
5515898
5516112
5516274
5516390
5516477
5518231
5518352
5518494
5518689
5518704
5518830
5518913
5518932
5519743
5519773
5520641
5520818
5521926
5522024
5522485
5522596
5522695
5522721
5522831
5523152
5523369
5523900
5524565
5524664
5524764
5527984
5528211
5528574
5529668
5529744
5529967
5532723
5537016
5541579
5545615
5545662
5546833
5549767
5555106
5557833
5559914
5560435
5561214
5565042
5566840
5567010
5567317
5567356
5568825
5569015
5569172
5569224
5569721
5570130
5570695
5570727
5572065
5572266
5572745
5572801
5573626
5577165
5577992
5578510
5578642
5578744
5579362
5579651
5580191
5583729
5584309
5586556
5591797
5591874
5591988
5596272
5599312
5601181
5607388
5609880
5613278
5613380
5613570
5617091
5617680
5617770
5617839
5622063
5622130
5622146
5622576
5623019
5625311
5626855
5627470
5627568
5631533
5632434
5632630
5633583
5634649
5634967
5635989
5636646
5636666
5636765
5636828
5636840
5636955
5638303
5638310
5638426
5639739
5640632
5641334
5643954
5644119
5644199
5645177
5645438
5649624
5651565
5652261
5652470
5654952
5655272
5655942
5656176
5656768
5656901
5657111
5658135
5659813
5662406
5662661
5662978
5663098
5665455
5666672
5667815
5669930
5670559
5671299
5671555
5672123
5673852
5673895
5674127
5674487
5675502
5675676
5675752
5675920
5675936
5675951
5676042
5676367
5677142
5677662
5677834
5679086
5679183
5679575
5679852
5682856
5686143
5686360
5687701
5690431
5691258
5693101
5693361
5693374
5693488
5695407
5695607
5699304
5699408
5701634
5704443
5704657
5704740
5705920
5706117
5706182
5706357
5706476
5706598
5706809
5706821
5708084
5708353
5708707
5708774
5709024
5709121
5709204
5711413
5711469
5711587
5711714
5711795
5712055
5712112
5712192
5712397
5712453
5713209
5713910
5714452
5714609
5717139
5717441
5719112
5719301
5720853
5726036
5726993
5727113
5727236
5728277
5729757
5729919
5730053
5730129
5730698
5731301
5731540
5731579
5733249
5737125
5740074
5740522
5740591
5743072
5744095
5744593
5744832
5744926
5747570
5748118
5750264
5750620
5753721
5754586
5756918
5757048
5757483
5757576
5757755
5758243
5758489
5760126
5760253
5760700
5761272
5761283
5761579
5762122
5765048
5765054
5765123
5765133
5765945
5766703
5766826
5767252
5767520
5768378
5768572
5768918
5769069
5770497
5772115
5772274
5772403
5772715
5774558
5774885
5775069
5775433
5775930
5775977
5776166
5776995
5777091
5777405
5781758
5782417
5784786
5785124
5791433
5791909
5792034
5792127
5793818
5796502
5798362
5801319
5801993
5803858
5804150
5804358
5806721
5807784
5809178
5812031
5830334
5830394
5832463
5832487
5832843
5840656
5840801
5841278
5841781
5843445
5843511
5843807
5843995
5845110
5847094
5847253
5849681
5849797
5850291
5851881
5852230
5852354
5853905
5854182
5854658
5856409
5856912
5858615
5858977
5859558
5859846
5861281
5861429
5861525
5861812
5864384
5866013
5866156
5867972
5868363
5868705
5869278
5869317
5869483
5869508
5869705
5870048
5871031
5872870
5873923
5875529
5876847
5877747
5877815
5877879
5878188
5878754
5878837
5879434
5880367
5881437
5882685
5882922
5884615
5887121
5890896
5890911
5891856
5893747
5901719
5903325
5903477
5903788
5903862
5905763
5905923
5908871
5909024
5910068
5914292
5916564
5917461
5917956
5918936
5919223
5922453
5924514
5925265
5927272
5927473
5928462
5928663
5931343
5931390
5934757
5935081
5939136
5941106
5942380
5944621
5945744
5950177
5950687
5951124
5952402
5952592
5952593
5953129
5953386
5954532
5955423
5955497
5959029
5959449
5959988
5960277
5961775
5961933
5965499
5968480
5968610
5968859
5969255
5969368
5969524
5969554
5970407
5971946
5972480
5972651
5973342
5975162
5976519
5977932
5978020
5978331
5978631
5979379
5981089
5981181
5981511
5982031
5982303
5982388
5984875
5985137
5985200
5986496
5986838
5986931
5988354
5988980
5990536
5990754
5991022
5991119
5991295
5991691
5992268
5992420
5992975
5994072
5994188
5994551
5996031
5996101
5996111
5996302
5996525
5996680
5996729
5997111
5998139
5998251
5998558
5998656
5998808
6000555
6000573
6000754
6000828
6001021
6001041
6002410
6002495
6002736
6002830
6002934
6005757
6005845
6007065
6007629
6007660
6009228
6012838
6012897
6016088
6018393
6018723
6020949
6025853
6028123
6028396
6028440
6028616
6028642
6028797
6028944
6029033
6029378
6029406
6029459
6029735
6036932
6040183
6040501
6041222
6044444
6044531
6053911
6054817
6055343
6057760
6058379
6066613
6066895
6067206
6067625
6067765
6072238
6072449
6072631
6072792
6072912
6073118
6073133
6074016
6074483
6074525
6074856
6074931
6075827
6076446
6078428
6080923
6080969
6082247
6082272
6082354
6082667
6082766
6083073
6085876
6086015
6086023
6086664
6087033
6087553
6087651
6087809
6087873
6088028
6088174
6088184
6088275
6088398
6088475
6090897
6090936
6090996
6091039
6091574
6091597
6091971
6092392
6093376
6093428
6093513
6095303
6095907
6096452
6096618
6098125
6098600
6098622
6098721
6100331
6100765
6101473
6102429
6103434
6104901
6105487
6105695
6106616
6106630
6107304
6107710
6108356
6109412
6113089
6113472
6114315
6116699
6116896
6116944
6117142
6117250
6117717
6118188
6120352
6122981
6123188
6123289
6125221
6125328
6125651
6129032
6129249
6133569
6133673
6133718
6135354
6135448
6136207
6136373
6139670
6139811
6141735
6142265
6143602
6144591
6146200
6146318
6146394
6147166
6147213
6147562
6149563
6149773
6149888
6150990
6151022
6151122
6151235
6152612
6152927
6152991
6153112
6153238
6154235
6154350
6156717
6156919
6157424
6158125
6159931
6160387
6160794
6161950
6162129
6162595
6163074
6164163
6165012
6166102
6169496
6173463
6173505
6173696
6175230
6179148
6186032
6186209
6186455
6186714
6186938
6187200
6188461
6188515
6191996
6192398
6192916
6196080
6197795
6198137
6198158
6198622
6201924
6202244
6202245
6203710
6208447
6217200
6217220
6218793
6219183
6221839
6221908
6223545
6225714
6226134
6235475
6239510
6243028
6243891
6244003
6246442
6246795
6251544
6251628
6255323
6259130
6260339
6264590
6270931
6271073
6271467
6282354
6282588
6284553
6284697
6284801
6285005
6299503
6299817
6303058
6304237
6304524
6304802
6304935
6305729
6305962
6306020
6320395
6320533
6320904
6321094
6321749
6321762
6329981
6330070
6332896
6333823
6339606
6342300
6342391
6342679
6342902
6347513
6347660
6348363
6350323
6351811
6352441
6353951
6353961
6354000
6354372
6355712
6359892
6360053
6360752
6361597
6362112
6365170
6365658
6365677
6365811
6366219
6366369
6366677
6366977
6367044
6367672
6367868
6368220
6368667
6368789
6369839
6371133
6371289
6372862
6374367
6374920
6375045
6383052
6383537
6386090
6386218
6388700
6389782
6391186
6391361
6391467
6391806
6394002
6394025
6394418
6394519
6394549
6395887
6396457
6396577
6396705
6397906
6398422
6399944
6400468
6403032
6403099
6403318
6405475
6406170
6406277
6406908
6407810
6409558
6410111
6410160
6410243
6411308
6411411
6411436
6413631
6418758
6422568
6422853
6424647
6430099
6430335
6432138
6432396
6432498
6432530
6433753
6433831
6433930
6435700
6439562
6440708
6446834
6450298
6454348
6456123
6456379
6456769
6457326
6457427
6457537
6457767
6460689
6461172
6463023
6463420
6463551
6468130
6469613
6473173
6474471
6480983
6495606
6497078
6519946
6525753
6527348
6527491
6533409
6533463
6539464
6539588
6539789
6539804
6540299
6546243
6548982
6553944
6554019
6557691
6557769
6571655
6573257
6582602
6582792
6586856
6592140
6592378
6592848
6592887
6592909
6598781
6606193
6606590
6606600
6606698
6606774
6606896
6607270
6624006
6639976
6640234
6640427
6642144
6642783
6642855
6643685
6644079
6651095
6651207
6651271
6651352
6652864
6655025
6655269
6664655
6666838
6674221
6674399
6674550
6674632
6674778
6674870
6674939
6675929
6676806
6676957
6678935
6680731
6681629
6681696
6683281
6683492
6683523
6683623
6683630
6683654
6683903
6690595
6690668
6692574
6692676
6694522
6696321
6696403
6696411
6696934
6696995
6697389
6697578
6703665
6704632
6706092
6708298
6709040
6711501
6711640
6711947
6713657
6718681
6719226
6722061
6722816
6722840
6723710
6723901
6725022
6728436
6728468
6728808
6728830
6728912
6731512
6731637
6731797
6731895
6734289
6734531
6735152
6735427
6736552
6736724
6736867
6737208
6739290
6739658
6740488
6741083
6741573
6742583
6742684
6743372
6745686
6748403
6748676
6748750
6748791
6752950
6753366
6753467
6753630
6753782
6754076
6754267
6754424
6755869
6755921
6759507
6759587
6760191
6760373
6761229
6761276
6761291
6761662
6762033
6763165
6763249
6764820
6764993
6765091
6767113
6767880
6767931
6768769
6769167
6770151
6770600
6772687
6773033
6773794
6773923
6774208
6774230
6774349
6775251
6776002
6776844
6776980
6777709
6778699
6778891
6779341
6779847
6780608
6783268
6783558
6784320
6784432
6784478
6785392
6786142
6786241
6786399
6787684
6787887
6787899
6789650
6789727
6789914
6790038
6790228
6790292
6790961
6791062
6792887
6793942
6795091
6795495
6797548
6798275
6798481
6801048
6801147
6801311
6801320
6801442
6801752
6801793
6801909
6801936
6803206
6803495
6803691
6803872
6804321
6805018
6805197
6805280
6806240
6806292
6807045
6807300
6809221
6809411
6810442
6810584
6811274
6811687
6814973
6818945
6820148
6820394
6820501
6822362
6825692
6825833
6826151
6828181
6829132
6829233
6829388
6830263
6830506
6831044
6833111
6833291
6833320
6833984
6836897
6841864
6842670
6843769
6844308
6844650
6844969
6845452
6847136
6847259
6847337
6847454
6849549
6849863
6850026
6850223
6850607
6853549
6856336
6856368
6856432
6857213
6858865
6858943
6859662
6863332
6867206
6869262
6869383
6871993
6872306
6872455
6872528
6872570
6873807
6873906
6873954
6874534
6875360
6875689
6875861
6877382
6879843
6880253
6880449
6880661
6884293
6886826
6887185
6887533
6889708
6890139
6890207
6890245
6890539
6890928
6894500
6899400
6899504
6899582
6899670
6899965
6900416
6900627
6902390
6903077
6904194
6904390
6904593
6904680
6905123
6905132
6905245
6905801
6905953
6906356
6906427
6906475
6910339
6910462
6910640
6910803
6910971
6912269
6912495
6913213
6913982
6914612
6917221
6918759
6920442
6920461
6923905
6925511
6925555
6929172
6929279
6929361
6931843
6932065
6937137
6937303
6937397
6937615
6937875
6938036
6938048
6938090
6938186
6938200
6938293
6938305
6938327
6938397
6939087
6939131
6941335
6942506
6942601
6942638
6942730
6942778
6942874
6944744
6945514
6947880
6950781
6958405
6958780
6958792
6963858
6965629
6967399
6968982
6969129
6970916
6972102
6972429
6972591
6973607
6975008
6975496
6975991
6976302
6977221
6977336
6978899
6980033
6980101
6980161
6980394
6980505
6980647
6982618
6982635
6982809
6983176
6984176
6984462
6984788
6984893
6985054
6985233
6985804
6986079
6986306
6986743
6986974
6987011
6987114
6987225
6987770
6987879
6988205
6988579
6989122
6990377
6990470
6990772
6992471
6993111
6993461
6993802
6994526
6994853
6995032
6995138
6996067
6996322
6996721
6997301
6997319
6998760
6999222
6999630
7000327
7000593
7000720
7000834
7001103
7001122
7003268
7003606
7003739
7005637
7006389
7012047
7012322
7014112
7015955
7017046
7017113
7018578
7018644
7021254
7021290
7021966
7022031
7023049
7023114
7023539
7023630
7025298
7025329
7025438
7025812
7026527
7026597
7027443
7027931
7030864
7031344
7031863
7031946
7031991
7032256
7032459
7034201
7035391
7035448
7035517
7037514
7037695
7037763
7037816
7038199
7040183
7040427
7040496
7041866
7041932
7042033
7042223
7043301
7044497
7044543
7044565
7044647
7044862
7044974
7045066
7045494
7045650
7045748
7046008
7046118
7046736
7046812
7047171
7047806
7048461
7048590
7048822
7048898
7049762
7049847
7049982
7050010
7050084
7051075
7051203
7052110
7052174
7052546
7053072
7054442
7054553
7054590
7054757
7057034
7057095
7057319
7057902
7058005
7058880
7058978
7059283
7059443
7059768
7059824
7060120
7061055
7062682
7063182
7064089
7065699
7065762
7066171
7066324
7068666
7068967
7069510
7072122
7072238
7072555
7073934
7073963
7076160
7076210
7076294
7076498
7076970
7077281
7079834
7080183
7082939
7083464
7085743
7085807
7085994
7086071
7086099
7086361
7087145
7088303
7088559
7088681
7088807
7089122
7089246
7090734
7091786
7093794
7093864
7094364
7094575
7096831
7097297
7097318
7097810
7098003
7098040
7098410
7101252
7101319
7101435
7102938
7103213
7104259
7104625
7106750
7106820
7106894
7107079
7107360
7108948
7109073
7109305
7109596
7109756
7111057
7111123
7111795
7111855
7112121
7112192
7112574
7113070
7113466
7113492
7113916
7113953
7114296
7114509
7114879
7117814
7118023
7118142
7120280
7120658
7120856
7121053
7122219
7122273
7122418
7122519
7122632
7122766
7124780
7124831
7125618
7127112
7127162
7127229
7127462
7127828
7128938
7129480
7129629
7129958
7130080
7130220
7130291
7130902
7130967
7131061
7131132
7131390
7131413
7131813
7131850
7132898
7132962
7133056
7133350
7133565
7133654
7134422
7135683
7135786
7136145
7136247
7136443
7136834
7138219
7138272
7138732
7138886
7139266
7139295
7139313
7139428
7139605
7140264
7140419
7140470
7140730
7140828
7141181
7144290
7144907
7145123
7145189
7145225
7147281
7147366
7148601
7149121
7149186
7149588
7149806
7151325
7151351
7151392
7151633
7152038
7153917
7153942
7154633
7154790
7155309
7155372
7156888
7159609
7161082
7161304
7161420
7164349
7164581
7164719
7164853
7165542
7165979
7166039
7166123
7166210
7166553
7167162
7171085
7171197
7174304
7175647
7177352
7179390
7180518
7180580
7184351
7184413
7185014
7185131
7185234
7186912
7187017
7187430
7188287
7188501
7188516
7188732
7189640
7192323
7198937
7199061
7201595
7202027
7202430
7203009
7203138
7206257
7208264
7208358
7208566
7208903
7209576
7209672
7212523
7213110
7213208
7218162
7218350
7218456
7218559
7218981
7220266
7220794
7222114
7222318
7222365
7223281
7223395
7224050
7224657
7224730
7224959
7225244
7225613
7225677
7225735
7225814
7226109
7226737
7227904
7230145
7230213
7230314
7230859
7233152
7233182
7233476
7233557
7234028
7235232
7236260
7241617
7242100
7242163
7242644
7243135
7243197
7243780
7243869
7243993
7244396
7245391
7245456
7246420
7246476
7247023
7248353
7248741
7252486
7255014
7255358
7255404
7255520
7257142
7268247
7268717
7268959
7269039
7269076
7269560
7269778
7269867
7270069
7271335
7271633
7271863
7272027
7272095
7272248
7272343
7272522
7274647
7277138
7277784
7277814
7279080
7279459
7281919
7282174
7282280
7283498
7287464
7287772
7288040
7289730
7291921
7294733
7294953
7295707
7298006
7299678
7300682
7304253
7304965
7305056
7305528
7307647
7312310
7312386
7312550
7315528
7315632
7315855
7315934
7316045
7316292
7320782
7321786
7323448
7324791
7325645
7327744
7328041
7328103
7331410
7331628
7331691
7332551
7333472
7334018
7337857
7340267
7340336
7341204
7344929
7345034
7345104
7346619
7346695
7347268
7348201
7350485
7352097
7352275
7352466
7353327
7353407
7354739
7358344
7358575
7361156
7361235
7362104
7363218
7364698
7364818
7365025
7365064
7366263
7369460
7371766
7376591
7376696
7376798
7376799
7380295
7383916
7384233
7387284
7391050
7392474
7392834
7399843
7402421
7404291
7406914
7407540
7411588
7412357
7413608
7413775
7413876
7414000
7414054
7414163
7414530
7415597
7415898
7419760
7419766
7419971
7420134
7421910
7422463
7422758
7423578
7429934
7430038
7430079
7430218
7430303
7432624
7439686
7439888
7439957
7440182
7443164
7443477
7444272
7444344
7444358
7444895
7445006
7448962
7449042
7449701
7450329
7450444
7450846
7450965
7451083
7451224
7451253
7453284
7453425
7453450
7453816
7453913
7454242
7454546
7454972
7455732
7456432
7457781
7458721
7459025
7459177
7459928
7460389
7460603
7460638
7460835
7460949
7460953
7461313
7461482
7461773
7461801
7461978
7462155
7462521
7463495
7464065
7464135
7467811
7468087
7468455
7468811
7468947
7470639
7470724
7471406
7475670
7475722
7475725
7476177
7477261
7477942
7479428
7479671
7479881
7479894
7480908
7482638
7483100
7483155
7483635
7483954
7485656
7487538
7487612
7488813
7488878
7489697
7490392
7490733
7490805
7491065
7491342
7494823
7495437
7497746
7498109
7498299
7501918
7501934
7502139
7505235
7505546
7507072
7507167
7510542
7513707
7514074
7514251
7515785
7519402
7521193
7521263
7521604
7521711
7521877
7522585
7523687
7524508
7527015
7527156
7527281
7528461
7528675
7531071
7531094
7535808
7535819
7535984
7536141
7537701
7538908
7539006
7539488
7539813
7540053
7540071
7543198
7543429
7543598
7543688
7544898
7545458
7545931
7545964
7546087
7546250
7546333
7551887
7558353
7558508
7558519
7558612
7558761
7558771
7558786
7559577
7561556
7563526
7564010
7564314
7564802
7564862
7565171
7565655
7567363
7567424
7567910
7575648
7576124
7579215
7580915
7581551
7581605
7582316
7582331
7587602
7587853
7588471
7589108
7589190
7590089
7590436
7590652
7595239
7595305
7595512
7595670
7599943
7600111
7600419
7601800
7605936
7607875
7608022
7609515
7609682
7609882
7610421
7610762
7611727
7611952
7612099
7613903
7614221
7614428
7614497
7614571
7614633
7618209
7618419
7618545
7619548
7619720
7620083
7621226
7621290
7621876
7621936
7622068
7622216
7622371
7622629
7622663
7622733
7622746
7622755
7622810
7622955
7623047
7623116
7623131
7623436
7626451
7626516
7627177
7631705
7632027
7632534
7634704
7634769
7635602
7635689
7635830
7636404
7636505
7639397
7639478
7639566
7639659
7641398
7641454
7641528
7642056
7642121
7642484
7642991
7643172
7643400
7645997
7648006
7648244
7648835
7650558
7650624
7651269
7651772
7653913
7663543
7664110
7666417
7667325
7670674
7671364
7671842
7671964
7672312
7672590
7672601
7672652
7672669
7672828
7672957
7673705
7674567
7674657
7674721
7674760
7674909
7676481
7677056
7677120
7677543
7678931
7678986
7679061
7679431
7679523
7679715
7680638
7680707
7681570
7681959
7682054
7682534
7682624
7683810
7685119
7685249
7687465
7687547
7687635
7688027
7688134
7688729
7690055
7690196
7696658
7696711
7696766
7697168
7697718
7697816
7698602
7699483
7700269
7701114
7701430
7701594
7705930
7708697
7708885
7709480
7712421
7712683
7717022
7717434
7717566
7724143
7724683
7724755
7725127
7728881
7729249
7729455
7729485
7729505
7729509
7729523
7729554
7731792
7735466
7737315
7737377
7738081
7738191
7738627
7744976
7746241
7746364
7746544
7746686
7746810
7746977
7747716
7747980
7748132
7748148
7752423
7752500
7752682
7753398
7753715
7754325
7754841
7755093
7755428
7757503
7757568
7757678
7757761
7758552
7758613
7759626
7759707
7762684
7762751
7763612
7763683
7764609
7764741
7764869
7771445
7771522
7771706
7772141
7772260
7772512
7772707
7774835
7774862
7775611
7776474
7776534
7776881
7776963
7778180
7778994
7779173
7783247
7783267
7783672
7784553
7784785
7784820
7784910
7785165
7785271
7785315
7786936
7787349
7787448
7788832
7788920
7789079
7789485
7789594
7791601
7791780
7793452
7794233
7795589
7795618
7795664
7795677
7795821
7795937
7796011
7796038
7796319
7796433
7796526
7796758
7796840
7797654
7797853
7798595
7802096
7802352
7805133
7805299
7805545
7805655
7806465
7806543
7806804
7809761
7809965
7810131
7810369
7812033
7812047
7812052
7814034
7815082
7815118
7815356
7815658
7819308
7819448
7821540
7821646
7821743
7825937
7826100
7826180
7826188
7826204
7831932
7832329
7832764
7833588
7833655
7834029
7834185
7834459
7835063
7835146
7835246
7835501
7835525
7835683
7840679
7842001
7842171
7842196
7844563
7846248
7846319
7847071
7847134
7847418
7847506
7847919
7848369
7848602
7848835
7848952
7849817
7849876
7849997
7850397
7850517
7850781
7851382
7851462
7851619
7852423
7852530
7852694
7854436
7855092
7855180
7857176
7857251
7857384
7857512
7859804
7860035
7860471
7860657
7860940
7862402
7862483
7862584
7863197
7864136
7865873
7866716
7866876
7868281
7868301
7871578
7872806
7872855
7872879
7874099
7874182
7874395
7874449
7876082
7876168
7876280
7881053
7881153
7881199
7881899
7882041
7886625
7886850
7886964
7887310
7888050
7890036
7890220
7890742
7890816
7891103
7894523
7894603
7895043
7895249
7895444
7895681
7897573
7898417
7900351
7901850
7902826
7903242
7903275
7903296
7907096
7907167
7907543
7908722
7908864
7910123
7910251
7910290
7912555
7912621
7912857
7914260
7914549
7914969
7917527
7917785
7918442
7922600
7922687
7924413
7927524
7927609
7927880
7929452
7929595
7929957
7930057
7930069
7935761
7936872
7936939
7937070
7938251
7938306
7938425
7938568
7938627
7939152
7939298
7939401
7939601
7939809
7940348
7943467
7943564
7945950
7947951
7948053
7948122
7948661
7949471
7949844
7950283
7951464
7951898
7951903
7952135
7954241
7955194
7955254
7956090
7960083
7960311
7960762
7960905
7961228
7961909
7963128
7963196
7963286
7963418
7963778
7964143
7964294
7964404
7966899
7966972
7967585
7969256
7971221
7972067
7972184
7972552
7972818
7973570
7973716
7975595
7977038
7983430
7985482
7985705
7989503
7990589
7993413
7995068
7995131
7995286
8000776
8003402
8003822
8004467
8004905
8006880
8007311
8008891
8011075
8011140
8011202
8011341
8011365
8011431
8014484
8014845
8016775
8017152
8017221
8017445
8019229
8019295
8019424
8020385
8020448
8020524
8025889
8026053
8026167
8028102
8028179
8028385
8033509
8033879
8038091
8038225
8039932
8040045
8040048
8040065
8040198
8049849
8054936
8055774
8055906
8055914
8058298
8058324
8058332
8058376
8058376
8058385
8058459
8058579
8064762
8071754
8071866
8073266
8073276
8073360
8076607
8076795
8078123
8078244
8078429
8080219
8080315
8082661
8082821
8082925
8083965
8084043
8084284
8084567
8085364
8085443
8085819
8086119
8086494
8086602
8087553
8092555
8092626
8093184
8094305
8094366
8094505
8094601
8095045
8096900
8096978
8098174
8098661
8099805
8099969
8100031
8101658
8101778
8101888
8102002
8105416
8105988
8107151
8107244
8107372
8107601
8107976
8109347
8109502
8109913
8110651
8111861
8112423
8112565
8114014
8114087
8114215
8114375
8115839
8116176
8118649
8118985
8119079
8120623
8120720
8120968
8121496
8123204
8123369
8123397
8123484
8123968
8124613
8124817
8124930
8125097
8125160
8125304
8125925
8126144
8130305
8130485
8130542
8130661
8130760
8130797
8133382
8133777
8134677
8135064
8142332
8143469
8146779
8147563
8147589
8151765
8151816
8151837
8151859
8151872
8151906
8154393
8156681
8156839
8157296
8158788
8158866
8159186
8160690
8160875
8161284
8161710
8161772
8161846
8162180
8162247
8162955
8164005
8164065
8164589
8164734
8165818
8169152
8169246
8169373
8170576
8171524
8171629
8175510
8176653
8176796
8180060
8180159
8180248
8181151
8181212
8181545
8181865
8182797
8183338
8183903
8184073
8184962
8187270
8189638
8189764
8191629
8192427
8192547
8203088
8203357
8203552
8203994
8204359
8205139
8205253
8205323
8205405
8205503
8205595
8208799
8209209
8209328
8209450
8213832
8214135
8214905
8214968
8215347
8215577
8216825
8216917
8216955
8216961
8216994
8217028
8217029
8222327
8222402
8222795
8222864
8222984
8223168
8223268
8223843
8223916
8224217
8224853
8225050
8227823
8228494
8228564
8229108
8229864
8229993
8230966
8231027
8231117
8232375
8232535
8233585
8233679
8234022
8234202
8236399
8236461
8236584
8236900
8236992
8241598
8244299
8244362
8244606
8245174
8245387
8246403
8246474
8246824
8246908
8248021
8248741
8249840
8251514
8251638
8251650
8254320
8254609
8258877
8259045
8259203
8259293
8260064
8260418
8260521
8260883
8261009
8261085
8261177
8261186
8264758
8264775
8264858
8267113
8268259
8268796
8270734
8270944
8271025
8271113
8271203
8276090
8276616
8276719
8277613
8278113
8280698
8280805
8280993
8281078
8281367
8281647
8282554
8284555
8284920
8284978
8285300
8287700
8288023
8291976
8293137
8293947
8297634
8298648
8298744
8300620
8300874
8308106
8308253
8308536
8308611
8308782
8311336
8311339
8311413
8311598
8318758
8319195
8319262
8319302
8319601
8324350
8325377
8325483
8327179
8333467
8333899
8333998
8334082
8334572
8334614
8334735
8335044
8335203
8336278
8336446
8336525
8336996
8337014
8337241
8338916
8340769
8340850
8342025
8342162
8349964
8350182
8350998
8351078
8351209
8356129
8356633
8356856
8357506
8357633
8358504
8358630
8360413
8360551
8361103
8361202
8365750
8365851
8367690
8374058
8374270
8374532
8374703
8374860
8374980
8375045
8378616
8378688
8379231
8379369
8380608
8381051
8381149
8381510
8382181
8382682
8382874
8385491
8385931
8386645
8386760
8390080
8390427
8392391
8392717
8392892
8395617
8395686
8396057
8396240
8396386
8400598
8400904
8401792
8402621
8403071
8403104
8403432
8403519
8405794
8407272
8407491
8409775
8409879
8410003
8410714
8413416
8413676
8415691
8417440
8425794
8426382
8426474
8426550
8429634
8431112
8431509
8431778
8431854
8433484
8433653
8434157
8434322
8434500
8435764
8436860
8436942
8441364
8441455
8441603
8442146
8442498
8445458
8445849
8445863
8445952
8445967
8446363
8446461
8447633
8447691
8447768
8448003
8448202
8448377
8451933
8451999
8454112
8454674
8455869
8455962
8456760
8456859
8457042
8458110
8458535
8458569
8458608
8458894
8459546
8459571
8459630
8461051
8461185
8464203
8466068
8467076
8467252
8468319
8468539
8470242
8470335
8470847
8471902
8472148
8472365
8473000
8473668
8477023
8478357
8478384
8478471
8478690
8480518
8480628
8483470
8483752
8485328
8485631
8488186
8488321
8489568
8489745
8490020
8490138
8490932
8492873
8492930
8493000
8493023
8493570
8493666
8493987
8494009
8494268
8496743
8499086
8499299
8499719
8499848
8500092
8500262
8500644
8501968
8502015
8502099
8504362
8506061
8506466
8506909
8510110
8513320
8513904
8514779
8516718
8517168
8518806
8519488
8519731
8519792
8519836
8520156
8520278
8521882
8524614
8524810
8525129
8525600
8525741
8526253
8526363
8527161
8527643
8528878
8529337
8529539
8529911
8531130
8531187
8531319
8531579
8531752
8531813
8531895
8532009
8532562
8532834
8533295
8536967
8537102
8537130
8537206
8537600
8537687
8537960
8538247
8540458
8540574
8540769
8542314
8542326
8542512
8542816
8543718
8544011
8544126
8544136
8544811
8546014
8546123
8546599
8549174
8549206
8549264
8549477
8551487
8551595
8551734
8555837
8555949
8555976
8556778
8556941
8558774
8558858
8559181
8559331
8559411
8559818
8559921
8560134
8562473
8562559
8562733
8562781
8562815
8564290
8564577
8566819
8566838
8570065
8572651
8572797
8572922
8576219
8576380
8576559
8582659
8582864
8583038
8583236
8583318
8583326
8584356
8584993
8585212
8585547
8585601
8585788
8586386
8590476
8592871
8596249
8596356
8597238
8597554
8597851
8598114
8606021
8606039
8606115
8606563
8606898
8606987
8607129
8607587
8616549
8618922
8634315
8636675
8638803
8638857
8638962
8640406
8641808
8642742
8645457
8646405
8647208
8651158
8657667
8659984
8660151
8665532
8666469
8666566
8667356
8667725
8667917
8668122
8668386
8670173
8670376
8670501
8673243
8673723
8675648
8675730
8675899
8678202
8682603
8684834
8685303
8685312
8688287
8688673
8688948
8690759
8690872
8693495
8693676
8694002
8695525
8695714
8695880
8695999
8696067
8696135
8696383
8696485
8696524
8698245
8698335
8698708
8699036
8699770
8699967
8700691
8700824
8700837
8700997
8704243
8706475
8708930
8709317
8711369
8711661
8712050
8712362
8712554
8719537
8722398
8723772
8736492
8736785
8743752
8748078
8750221
8750770
8751083
8751251
8753599
8753877
8757554
8757701
8758065
8762815
8763198
8763279
8767990
8768238
8768464
8770994
8773711
8777676
8777840
8778072
8779030
8779270
8779580
8779876
8781736
8784792
8785795
8785919
8786144
8786334
8786700
8787996
8788516
8788691
8790897
8791917
8792098
8792774
8794545
8794561
8794670
8794843
8794978
8795229
8795336
8797552
8797673
8797787
8797871
8798901
8799072
8799915
8800647
8801138
8801210
8802869
8802958
8803078
8803285
8803573
8803808
8805743
8809058
8809122
8811114
8811145
8812231
8813561
8814066
8815472
8815621
8816198
8818583
8820979
8821076
8821283
8821400
8822350
8823660
8823761
8824662
8825270
8825573
8829230
8831279
8831488
8832817
8836610
8836652
8836864
8837102
8837598
8839528
8839631
8841403
8841610
8842281
8842737
8843358
8843416
8843855
8846074
8846601
8846693
8848447
8848729
8849171
8850694
8850786
8851907
8853877
8854780
8855699
8860179
8860761
8860825
8862034
8862415
8863175
8865485
8865858
8866509
8868687
8869791
8870789
8872480
8872493
8873509
8875570
8875996
8878190
8879584
8880089
8880111
8880545
8881329
8883042
8883113
8884643
8887138
8890064
8892111
8894319
8895625
8902566
8903100
8909326
8909462
8913136
8913861
8913913
8913979
8914380
8915736
8916355
8916443
8916581
8916595
8916647
8920178
8927368
8938858
8950673
8951732
8951758
8951898
8962343
8962733
8964711
8964834
8972265
8972406
8972523
8973202
8974826
8977594
8983669
8993483
8997817
8998032
8998149
9001720
9004312
9010928
9011594
9013114
9029604
9029708
9036496
9043714
9046154
9046324
9057939
9058121
9058344
9066022
9068439
9070257
9075837
9078382
9078592
9079543
9080102
9086616
9089433
9092790
9096413
9097560
9102866
9103785
9104194
9104446
9108508
9110850
9111740
9114052
9117940
9123489
9123609
9123713
9123924
9124480
9125874
9126521
9126637
9126788
9126966
9127653
9127781
9128580
9128737
9128867
9129136
9129183
9129200
9129413
9129509
9130259
9130826
9131495
9133734
9136034
9138291
9141122
9143188
9143466
9144065
9146472
9147752
9147857
9148370
9150415
9150539
9150743
9150787
9152619
9153151
9153281
9153353
9154349
9156075
9156121
9157107
9157502
9158598
9160523
9161065
9161455
9161637
9164687
9165120
9165557
9165682
9165714
9169403
9169764
9169783
9174454
9174666
9175790
9175887
9176069
9178326
9179182
9179592
9181767
9182822
9184408
9185031
9186123
9186213
9186402
9186635
9189090
9189640
9191458
9192308
9192318
9194255
9194581
9195321
9195324
9195734
9197383
9197943
9199171
9200442
9200505
9201161
9201288
9202370
9202432
9202947
9204032
9204597
9204702
9206365
9206638
9207058
9207181
9207359
9207395
9207542
9207818
9207966
9209705
9211130
9212099
9212119
9212231
9214030
9215885
9216001
9218138
9218389
9218491
9218801
9218880
9219099
9219116
9219183
9219300
9220280
9220746
9220932
9220953
9220990
9221392
9222355
9222748
9223087
9223190
9223357
9224568
9224812
9224981
9225120
9225172
9225391
9225556
9225834
9225922
9227341
9227495
9227595
9227864
9230169
9230211
9230285
9230309
9230445
9230964
9231651
9232971
9233050
9233116
9235263
9235329
9235410
9235544
9235658
9235686
9235813
9236243
9237493
9237687
9237709
9237902
9237983
9239410
9239969
9240050
9240099
9240191
9240427
9242012
9242571
9242812
9242864
9242907
9243138
9243152
9245721
9245904
9246030
9246119
9246230
9246644
9247322
9247377
9249614
9249688
9249967
9250051
9253250
9253325
9253436
9253762
9254039
9257296
9257394
9257719
9257735
9257786
9257864
9257929
9257940
9258121
9258519
9258628
9259936
9260108
9260197
9260555
9262789
9265477
9265599
9265603
9265620
9265825
9266452
9266604
9268203
9269187
9271203
9271476
9271543
9271902
9272713
9272731
9273099
9273383
9273520
9274355
9274588
9275195
9275258
9275280
9275510
9277599
9277700
9278567
9278667
9279186
9279251
9280022
9280708
9280878
9282038
9282199
9284241
9284402
9285007
9285084
9285376
9285849
9285921
9287572
9287958
9288088
9288114
9289281
9289354
9289782
9292138
9293454
9293512
9293744
9294137
9294509
9295024
9295118
9296489
9298358
9298554
9298705
9298723
9298802
9298894
9300637
9300776
9301638
9302057
9302087
9303511
9303638
9303728
9303842
9303882
9304116
9305835
9306449
9306549
9306659
9308753
9308832
9308958
9309236
9310415
9310482
9310510
9310748
9311081
9311458
9312146
9312171
9312248
9313672
9313924
9317226
9319185
9319306
9319633
9320637
9322000
9322664
9322845
9324463
9325494
9325594
9325765
9326064
9326227
9329556
9331935
9340581
9342209
9344961
9346142
9346271
9347177
9348631
9348730
9348796
9348928
9349198
9354962
9355257
9361149
9366501
9366628
9367907
9368041
9369041
9370415
9370509
9370527
9371320
9374141
9374367
9375491
9378880
9379093
9379582
9379838
9379961
9380963
9381037
9384609
9384716
9386191
9386279
9388180
9388909
9390102
9392505
9396517
9396885
9397859
9397967
9399518
9399936
9401069
9403522
9409644
9412783
9413899
9413981
9415133
9416558
9418215
9418637
9419928
9422004
9422093
9422568
9422584
9422672
9427306
9427726
9430003
9430761
9432286
9432584
9435414
9435480
9435578
9435688
9435737
9435835
9436204
9437990
9438103
9441824
9442079
9442334
9442725
9443096
9446691
9448650
9448752
9448962
9450198
9450334
9453435
9453682
9455624
9455765
9455881
9455957
9456381
9457936
9458140
9458646
9462474
9462906
9463049
9463225
9463277
9463379
9469031
9469243
9470303
9470394
9470537
9473650
9479075
9480301
9483050
9484877
9484952
9486177
9487879
9489836
9490869
9493553
9493843
9495289
9495746
9495826
9498155
9498213
9498392
9499391
9501200
9501375
9501475
9501669
9501887
9502123
9503000
9503707
9503787
9503866
9504660
9505551
9505659
9506411
9506668
9506750
9508912
9509120
9510046
9510208
9510479
9510575
9511036
9511893
9512016
9512350
9513829
9515957
9516271
9516578
9516877
9517575
9518781
9520575
9525062
9539761
9540810
9542645
9545979
9546171
9558982
9567121
9569623
9582652
9586414
9588947
9589362
9589474
9590842
9591037
9593639
9604349
9611078
9614255
9614848
9615071
9615120
9622994
9625772
9631080
9635008
9636602
9637468
9637683
9651970
9654242
9654362
9654551
9662581
9672451
9679889
9681843
9682226
9682394
9683920
9683960
9686323
9686935
9687358
9688305
9690084
9690339
9692985
9694385
9694598
9696623
9698070
9699985
9700072
9703923
9711518
9712829
9712842
9712844
9713272
9713439
9714878
9714899
9715059
9715069
9715148
9715151
9715168
9715369
9715415
9715501
9715511
9717702
9717708
9717770
9717790
9717801
9717894
9717905
9718160
9718180
9718271
9718281
9722635
9722909
9723067
9724756
9726401
9727280
9727614
9733900
9736173
9737399
9738899
9740123
9744188
9745318
9746713
9749741
9750011
9754590
9756974
9757085
9761114
9768669
9772065
9774464
9776108
9778034
9778401
9778617
9778944
9781261
9784065
9785230
9785718
9786193
9786359
9791646
9792905
9796794
9796858
9796969
9805115
9807235
9809365
9809482
9809821
9815184
9819429
9819583
9820527
9826094
9828320
9828521
9828911
9830580
9830722
9830844
9830992
9831078
9831283
9831397
9831668
9832828
9833228
9833582
9834817
9843601
9843895
9851834
9852110
9852469
9855832
9855866
9858408
9858558
9858566
9866900
9867001
9867159
9867282
9879146
9879541
9879592
9879737
9879814
9880925
9881778
9882104
9900281
9901006
9901116
9901683
9909547
9909835
9910397
9915226
9920077
9921904
9922253
9922336
9922786
9922887
9923182
9923313
9923490
9923683
9925309
9929734
9929851
9930545
9933849
9934106
9934378
9934611
9935110
9936147
9936311
9936568
9936911
9938500
9940896
9942130
9943835
9944111
9948414
9948502
9950236
9950677
9953194
9954250
9954832
9955435
9957238
9957959
9966294
9966714
9977560
9990401
9991007
9993703
9993984
9996149
10000040
10001836
10003267
10005162
10006889
10008323
10009704
10010969
10015127
10021581
10026409
10038002
10040282
10041757
10041803
10042182
10044060
10044159
10045049
10049816
10050953
10062422
10063917
10066680
10067466
10068569
10068594
10069158
10071171
10074319
10082207
10084982
10086178
10087217
10087860
10087895
10089945
10091848
10100482
10102765
10102951
10104438
10104439
10105558
10106195
10107698
10107778
10108007
10109789
10118023
10122381
10123415
10127930
10128515
10128967
10130086
10130253
10130878
10131120
10131367
10134293
10135429
10136645
10136701
10136760
10136838
10136942
10137062
10137585
10137594
10138573
10139241
10141262
10141581
10141687
10144820
10148046
10153869
10154383
10154462
10156914
10156943
10167036
10167164
10169140
10169997
10172689
10182449
10194959
10204238
10204881
10212122
10213249
10215393
10216274
10216422
10216470
10216619
10219210
10221155
10226632
10226756
10227290
10227500
10228002
10229163
10234937
10241960
10242104
10242465
10242643
10243426
10245586
10246036
10247539
10249262
10252530
10252894
10253644
10253778
10255763
10256667
10256730
10256958
10257671
10258287
10258356
10258920
10261693
10264541
10265016
10283505
10283520
10300667
10304812
10305158
10309960
10310249
10310312
10310411
10311026
10311203
10313431
10316660
10316955
10328287
10329828
10329958
10330743
10330841
10333792
10334110
10334397
10334438
10341052
10343712
10345558
10356918
10360345
10360503
10360683
10365014
10365383
10365662
10366488
10367386
10367814
10368570
10371735
10374005
10374018
10379611
10384190
10386044
10388613
10388885
10393146
10393467
10394229
10395386
10398598
10408672
10411446
10411511
10411522
10411735
10411802
10413289
10413384
10413549
10413763
10413948
10414161
10414198
10416909
10417019
10420783
10420885
10431823
10431953
10436811
10438183
10438340
10438917
10441778
10449920
10451620
10460139
10466200
10472143
10474762
10474975
10475033
10475428
10475547
10477029
10477199
10477414
10477810
10480184
10480383
10485165
10493151
10493374
10493620
10496707
10498352
10499583
10507711
10513729
10521358
10526315
10526648
10542452
10543245
10543482
10543957
10544013
10557652
10560556
10560678
10562670
10564391
10582034
10586958
10587083
10590533
10593761
10593874
10613514
10613625
10614737
10615032
10615078
10615202
10645933
10668115
10668130
10668132
10678460
10678563
10678734
10682152
10687029
10687332
10693751
10693875
10699296
10713130
10713251
10713448
10719378
10720523
10733132
10733236
10733428
10734815
10741617
10745759
10750675
10750917
10758395
10760333
10760457
10764309
10764395
10764488
10766422
10768472
10768954
10769087
10770039
10776595
10781680
10790768
10790790
10790961
10801969
10802754
10822080
10823125
10824194
10824305
10830928
10836176
10842379
10842666
10847133
10848737
10850620
10859835
10862516
10862598
10865253
10877130
10885883
10887402
10887810
10888962
10889170
10891981
10892646
10892766
10892772
10892783
10892786
10892889
10894001
10895477
10895592
10895787
10896197
10896357
10896366
10896523
10896532
10902636
10903010
10903445
10903730
10904001
10907217
10907513
10907636
10907643
10907651
10907773
10907785
10907871
10907880
10907912
10910954
10911122
10915374
10915645
10917552
10919312
10919956
10924730
10924871
10926468
10926475
10930246
10935095
10940588
10942657
10943031
10944095
10944189
10947414
10947882
10947933
10948001
10948015
10948273
10951571
10951578
10953001
10953363
10954260
10956432
10957831
10960711
10962953
10974429
10974444
10974705
10974855
10979531
10980026
10981454
10986841
10986923
10986939
10987231
10990941
10991052
11001425
11001601
11002155
11002414
11006336
11006440
11019034
11019536
11019634
11022254
11026876
11029922
11030129
11035292
11035508
11039275
11050767
11051272
11053904
11060400
11064025
11065139
11069086
11071451
11071547
11071778
11074463
11075251
11077919
11078492
11079310
11080669
11081164
11089142
11089271
11093382
11103451
11113438
11117571
11122737
11122848
11124673
11135945
11139640
11145314
11147153
11151429
11152545
11161527
11161574
11163544
11163636
11163859
11163868
11164674
11164781
11165188
11165395
11166974
11167433
11167887
11171480
11171636
11174301
11175978
11178042
11178218
11178651
11179471
11179569
11179649
11187460
11190652
11190735
11190970
11193209
11194439
11194816
11197053
11197134
11197201
11197307
11197371
11197381
11197413
11197838
11198362
11200132
11201199
11201290
11201500
11202809
11205132
11205318
11205957
11208970
11210564
11211063
11212277
11212298
11212399
11212404
11212419
11212799
11212820
11212865
11212881
11212886
11215524
11215601
11215607
11215621
11221742
11222734
11231108
11231149
11235337
11236557
11237221
11240735
11240758
11244993
11248035
11253128
11256211
11257004
11257141
11258136
11258409
11258545
11258805
11258924
11259000
11259126
11261805
11264527
11264625
11264913
11264966
11265409
11265489
11272720
11278450
11279807
11299702
11301606
11307482
11308145
11312802
11312822
11312920
11312930
11312977
11313009
11313021
11313030
11313213
11319688
11322495
11322583
11345421
11345629
11345872
11357926
11362746
11362752
11363166
11373336
11376830
11376947
11378227
11379171
11384077
11391694
11395645
11402500
11402632
11406220
11406351
11433521
11433643
11447160
11448059
11448310
11453765
11459208
11460164
11460307
11460591
11463549
11463774
11463899
11463987
11464654
11465322
11465565
11465611
11465858
11466015
11475767
11478588
11479397
11479537
11479664
11483351
11483644
11483858
11486514
11486661
11486830
11490989
11491445
11491657
11491705
11491822
11493415
11493909
11495304
11508278
11508381
11509019
11513135
11514010
11514149
11516807
11517001
11517504
11517585
11517615
11517681
11519174
11520775
11531398
11531510
11531646
11533328
11534136
11535366
11536341
11536466
11543091
11551420
11551700
11551735
11551801
11551945
11552319
11558205
11558341
11558555
11561910
11562187
11565164
11565321
11565522
11568223
11569107
11576208
11576730
11577433
11578128
11584834
11585118
11592929
11593141
11593313
11596378
11596472
11606328
11612329
11612402
11612567
11618379
11618471
11623125
11623283
11625310
11626997
11627137
11627357
11627505
11627946
11627996
11628085
11628230
11630178
11630264
11632043
11632609
11633435
11638301
11638362
11642987
11643083
11645401
11645498
11645621
11645845
11647268
11647478
11647767
11648291
11649578
11649646
11649715
11649834
11650455
11650669
11650996
11651570
11651946
11652826
11653970
11654125
11655945
11655954
11659459
11661896
11662001
11662074
11662215
11662259
11664195
11664287
11664342
11664531
11664712
11664790
11664891
11664994
11665106
11665217
11666112
11666197
11666427
11666977
11668472
11669262
11669337
11671643
11671748
11672288
11677886
11678320
11678536
11679643
11680085
11680922
11688451
11695346
11699687
11707424
11712122
11712148
11725813
11725915
11725985
11728114
11730921
11731142
11739823
11741216
11741313
11741427
11741540
11743145
11746005
11746121
11746466
11747172
11747327
11749614
11749798
11750042
11750252
11750343
11751369
11751528
11752333
11756558
11756683
11756848
11768357
11771088
11771815
11774450
11784180
11785108
11787544
11788220
11791878
11795086
11795091
11795121
11800402
11802824
11802961
11803497
11803852
11813744
11814639
11821705
11823943
11824227
11824417
11824571
11824754
11830574
11832853
11835978
11845494
11845892
11848928
11849005
11854630
11855061
11855300
11855449
11855580
11855669
11856325
11858019
11858042
11858312
11859420
11861224
11861579
11861655
11862143
11863017
11873142
11873239
11874710
11874862
11874963
11875000
11875678
11875806
11875910
11876072
11877293
11877726
11882428
11882804
11882934
11882966
11883272
11886389
11886668
11886823
11887104
11887190
11889470
11891605
11893177
11893226
11893327
11893449
11894689
11895293
11895307
11895860
11895961
11895994
11896241
11896395
11896443
11897419
11897596
11897725
11898041
11899454
11899831
11900091
11900134
11900502
11900564
11900650
11902646
11902884
11903182
11905539
11905867
11907483
11907538
11908222
11908799
11908873
11909213
11910277
11910341
11910889
11910970
11911156
11911246
11911665
11911786
11913373
11913882
11913919
11914217
11914271
11914465
11914513
11916486
11916939
11917014
11917190
11917458
11919086
11919239
11919246
11919396
11919542
11920458
11920531
11920915
11921202
11921296
11921475
11923051
11923312
11923488
11923599
11923627
11925163
11925377
11925667
11925944
11926123
11927259
11927737
11927830
11929754
11929792
11929853
11932327
11934050
11934442
11934742
11934752
11934842
11935129
11935548
11935778
11936282
11936390
11937453
11937473
11937958
11938128
11938159
11939309
11939583
11939841
11940042
11940204
11940336
11940564
11940626
11940799
11941391
11941494
11942072
11942097
11942116
11942214
11942513
11942527
11942570
11942618
11942802
11942833
11943690
11943931
11944524
11944675
11944810
11944922
11945003
11945115
11946157
11946265
11946986
11948201
11948983
11949082
11949097
11949228
11950241
11950536
11951224
11951482
11951619
11952707
11953203
11953281
11953426
11953662
11953872
11954098
11954256
11954738
11955301
11955310
11955666
11955935
11956037
11956443
11956592
11956631
11956697
11956853
11956917
11958582
11958690
11958713
11958895
11959007
11959285
11960039
11960101
11960434
11960752
11960773
11961057
11961082
11961748
11962022
11962437
11962856
11963158
11963213
11963411
11966116
11967340
11967620
11967633
11967865
11969232
11971988
11972764
11976721
11977993
11980567
11981332
11983020
11987181
11988163
11988880
11990220
11990345
11990593
11991019
11991614
11991750
11992469
11994765
12000069
12005466
12005595
12006070
12006156
12006263
12008386
12009299
12009514
12012353
12016985
12028339
12029257
12030427
12030442
12030685
12030861
12030965
12031227
12031943
12033935
12036128
12038002
12039715
12040741
12040810
12041024
12042220
12045992
12046319
12046456
12048999
12053009
12054765
12057192
12057292
12057471
12057862
12058061
12058303
12059832
12060905
12062301
12063089
12063255
12063380
12066626
12066675
12066799
12067068
12067089
12067241
12075029
12075185
12077322
12078045
12078108
12078214
12078342
12078425
12080098
12081754
12086182
12086289
12087018
12088271
12088334
12088423
12088587
12089413
12089726
12089888
12090316
12090569
12092485
12092744
12092757
12092899
12094328
12096855
12096958
12099483
12100369
12100483
12100562
12100711
12105411
12105570
12105682
12109146
12110607
12110875
12110982
12111228
12112167
12112397
12112713
12112952
12115202
12117007
12117408
12117490
12117900
12118046
12119856
12119920
12120328
12120470
12120657
12121148
12121299
12121333
12124873
12125025
12127793
12129668
12129864
12131146
12131507
12134059
12134156
12134507
12134861
12134914
12135003
12135254
12135540
12138694
12138897
12139211
12139522
12139665
12140784
12140800
12140845
12141015
12141241
12143083
12143153
12143494
12145332
12145405
12145611
12148235
12148297
12148664
12150060
12155468
12156710
12158444
12159237
12161352
12161676
12161991
12162207
12165854
12165939
12166131
12168720
12171243
12172340
12176643
12180232
12181171
12181541
12181829
12182078
12182088
12182499
12182626
12183050
12183351
12188545
12188626
12189284
12193334
12194863
12195544
12196131
12196343
12196430
12196927
12198439
12198803
12201011
12202691
12203237
12203489
12204619
12204846
12205638
12205724
12205977
12206211
12206539
12207095
12208468
12208482
12208724
12210153
12210423
12213574
12213891
12215165
12216283
12218329
12218530
12218669
12219104
12220677
12222565
12222749
12222827
12222868
12222973
12223633
12223734
12223883
12224248
12224911
12225126
12225342
12225373
12225437
12225599
12225965
12227721
12227830
12227900
12228403
12229907
12232583
12233089
12237157
12238831
12238855
12240622
12241232
12241472
12242351
12242735
12243747
12243941
12244082
12245191
12247366
12249591
12249830
12250237
12251413
12251461
12252451
12252700
12252782
12253205
12255647
12256212
12256289
12256477
12256560
12256688
12257766
12257838
12258410
12258621
12258996
12260065
12262365
12265815
12266709
12269449
12270618
12270776
12271993
12272122
12272204
12274183
12276542
12276734
12277217
12279279
12279877
12282759
12283338
12283424
12283651
12283663
12286295
12286472
12287119
12287157
12287257
12287512
12287888
12287984
12291595
12292816
12292967
12305498
12306085
12308119
12310579
12312831
12313035
12317574
12320234
12323918
12323995
12328489
12328991
12329140
12329158
12332580
12334372
12334672
12335144
12337181
12337518
12338068
12338119
12341980
12343642
12344447
12346209
12346379
12347097
12347880
12350075
12351723
12353666
12354773
12355605
12355727
12356902
12360389
12360618
12365716
12366251
12366345
12368844
12370614
12370863
12371311
12376223
12376635
12379181
12380083
12380399
12382812
12384480
12384514
12385388
12385482
12385764
12385884
12386733
12388272
12389178
12389581
12393474
12394244
12395229
12395419
12396893
12397881
12400112
12400159
12400466
12405191
12406603
12407865
12411905
12412000
12412137
12412268
12412589
12414875
12415477
12417773
12418376
12418416
12419153
12420958
12423822
12424722
12426921
12427114
12429982
12431814
12432141
12433240
12433262
12433472
12433713
12436014
12436099
12436364
12436420
12438391
12438904
12438946
12439303
12439660
12439810
12440030
12440036
12440240
12440352
12443233
12444830
12444970
12447483
12452344
12457102
12459370
12462394
12462868
12463261
12465999
12467177
12467330
12467429
12469312
12469385
12469417
12469506
12470650
12471466
12473831
12478432
12480037
12483723
12483942
12486752
12489080
12490605
12491452
12492130
12492163
12495264
12495344
12495401
12497537
12497567
12497645
12498107
12498149
12500247
12500260
12504732
12504824
12505271
12505344
12507062
12507165
12507314
12509788
12512313
12512515
12512739
12512831
12512858
12512964
12513012
12515340
12515577
12515798
12515907
12517490
12517558
12517678
12518737
12523055
12523469
12523638
12527087
12527219
12527275
12527438
12527558
12529261
12529528
12529765
12529780
12529833
12530029
12530136
12531550
12531680
12531709
12531846
12531876
12532098
12532909
12533161
12535175
12535250
12535838
12538200
12539320
12540575
12540927
12541446
12542946
12543043
12543253
12545755
12546437
12547395
12549198
12549341
12549522
12552456
12552725
12555831
12557040
12557294
12559416
12562966
12563089
12563172
12565415
12565691
12565791
12565872
12567691
12567763
12567860
12570006
12570571
12573576
12577465
12577551
12577616
12577769
12577851
12578102
12578786
12578962
12580722
12580826
12580897
12581018
12581282
12582672
12582779
12583233
12583764
12583989
12584199
12586704
12586789
12586922
12587352
12589544
12590179
12594686
12594982
12595721
12599139
12599605
12599715
12599898
12599961
12599998
12601488
12601584
12602193
12602376
12602591
12604465
12604570
12605915
12606548
12609098
12609232
12610197
12613180
12613362
12613475
12613904
12615501
12615689
12615751
12617053
12618328
12619580
12621351
12621536
12633412
12633605
12633633
12633893
12634002
12634165
12634344
12634616
12635801
12635910
12637389
12641323
12641564
12644390
12644714
12646329
12651390
12654287
12654465
12654561
12659991
12661210
12666994
12672915
12673269
12675175
12676516
12681812
12682047
12685564
12687962
12692278
12692851
12693197
12694606
12695055
12695275
12696952
12697078
12697364
12698432
12699109
12699368
12699692
12699924
12700457
12701313
12701670
12701758
12701785
12702143
12703870
12705145
12705716
12706243
12706411
12706462
12708242
12708571
12708735
12708881
12708909
12709119
12712261
12712385
12712657
12713066
12713214
12713871
12716803
12716868
12716961
12719841
12720286
12720541
12722720
12722804
12723116
12723527
12724462
12724928
12725516
12725525
12725568
12726458
12726768
12727096
12727536
12727611
12728129
12728216
12728456
12728697
12728709
12729311
12731679
12732576
12732787
12733730
12733945
12735543
12736066
12736113
12736177
12736232
12736238
12736746
12738093
12738204
12738312
12739468
12739521
12739539
12740293
12740573
12740934
12741775
12742176
12743080
12743184
12743358
12743504
12743569
12744077
12744115
12744233
12744750
12744939
12745055
12745090
12745299
12745481
12745601
12746896
12747005
12747853
12748480
12748690
12748879
12749000
12749130
12749184
12749321
12750419
12750499
12750683
12750690
12750756
12751025
12751415
12751781
12752120
12752932
12753004
12753173
12753237
12755700
12757825
12757861
12761107
12761195
12767556
12767714
12768165
12768886
12769009
12769132
12769397
12769566
12769656
12769940
12770085
12770108
12770440
12770588
12770643
12771185
12771700
12771744
12771804
12771929
12772050
12772438
12773120
12774495
12774793
12777359
12779033
12779052
12779645
12784168
12784312
12786437
12786627
12788344
12788633
12790074
12790671
12791025
12792440
12792954
12794990
12795154
12796408
12796557
12796877
12801423
12801572
12803198
12804243
12806480
12808248
12813759
12816856
12817149
12818327
12819370
12819510
12819538
12819868
12821469
12821524
12821758
12824177
12825372
12825983
12826829
12829203
12829705
12829869
12829975
12830036
12830153
12830291
12836113
12836140
12837268
12837437
12837972
12839327
12840782
12841312
12843875
12844060
12844468
12844565
12844684
12844801
12844937
12847036
12847309
12847500
12847538
12847648
12853486
12854022
12854261
12854667
12857147
12857277
12858925
12859602
12861882
12862160
12862255
12862326
12862533
12867399
12868026
12871065
12872929
12874589
12874781
12874934
12875194
12875472
12879463
12881404
12881727
12882654
12884764
12885811
12891032
12892246
12895815
12901896
12902436
12902478
12903032
12904617
12904829
12905072
12905091
12905300
12906487
12906690
12907613
12907753
12907793
12908572
12909139
12910967
12912333
12914216
12914885
12915334
12919725
12924404
12924868
12929080
12929178
12929458
12929797
12931621
12931669
12931741
12931849
12933465
12936246
12936495
12937992
12938353
12940776
12941128
12941204
12941795
12943347
12944469
12945690
12945785
12946420
12946685
12946764
12948184
12948563
12949128
12949141
12949477
12949512
12950664
12950777
12951022
12951315
12951385
12951569
12953350
12953439
12955329
12955938
12958639
12958670
12959057
12959726
12960170
12961170
12961855
12963949
12965276
12965865
12965955
12966059
12966249
12966540
12966594
12966734
12966761
12970142
12970796
12970903
12971331
12971353
12971463
12971503
12971708
12971741
12971751
12972985
12974442
12975123
12977392
12980200
12980527
12980815
12985905
12985962
12986148
12986214
12987710
12988296
12989006
12990612
12991212
12991324
12993206
12994648
12994892
12995075
12995453
12995818
12996080
12996858
12997188
12997276
12997357
12999980
13000110
13000257
13000608
13002684
13003219
13005267
13005303
13007262
13007436
13008203
13010164
13010494
13010881
13011266
13011378
13011409
13013137
13013331
13013438
13013494
13013612
13013707
13013939
13014067
13014385
13014962
13016532
13017306
13018093
13019688
13019783
13019797
13019890
13019992
13020248
13022595
13022818
13022947
13022983
13023573
13025274
13025927
13026202
13026347
13026420
13026941
13027072
13027842
13028197
13029818
13030002
13030393
13032075
13032598
13034529
13036250
13036360
13036570
13036821
13037172
13038740
13038886
13038990
13040531
13041916
13042503
13043049
13043529
13043569
13043806
13044025
13044056
13044381
13045163
13045513
13045734
13045778
13045828
13045926
13046130
13047790
13047904
13048023
13048252
13048541
13048661
13049570
13050035
13050335
13050485
13050669
13051655
13051723
13051783
13051798
13051863
13052026
13052222
13052543
13052915
13053027
13054412
13054730
13054819
13055048
13056306
13056383
13056978
13057057
13058945
13059388
13060521
13061463
13061584
13061701
13062115
13063609
13063858
13064515
13064633
13065376
13066776
13066865
13067500
13067590
13067864
13069172
13069294
13070322
13071180
13072549
13072623
13072839
13073518
13073816
13074288
13077382
13077680
13078546
13078664
13078851
13080064
13080130
13081386
13081815
13082275
13082977
13085454
13086877
13087755
13088856
13089249
13089405
13089663
13089866
13090114
13090608
13092890
13094054
13094970
13098955
13099101
13099658
13100303
13100600
13101139
13103227
13104467
13105339
13107062
13107100
13107427
13107505
13109546
13109926
13110191
13110958
13112339
13114316
13114897
13116704
13117508
13117579
13118119
13119023
13119746
13120913
13121106
13121520
13122887
13123019
13124487
13125382
13128284
13129639
13129925
13130990
13134011
13135276
13137174
13140291
13140387
13140426
13140544
13146053
13148877
13155732
13156213
13156263
13156748
13157032
13159528
13159811
13160974
13161249
13161901
13162031
13162729
13163303
13163586
13163840
13164101
13164179
13164546
13166990
13167169
13167198
13167576
13167708
13167949
13173732
13174052
13174311
13174502
13176663
13178776
13180561
13181391
13181651
13182097
13184241
13184471
13184733
13185809
13187200
13187375
13187593
13187633
13187696
13189372
13189493
13189604
13189767
13190039
13192208
13193270
13193405
13193414
13193464
13193684
13194426
13195719
13195785
13197148
13198028
13198900
13200148
13200261
13200869
13201039
13201302
13201314
13201539
13201937
13202072
13202186
13202443
13202545
13202663
13204732
13204992
13205446
13205980
13207600
13210582
13211995
13212036
13212580
13213697
13214529
13216283
13217161
13218441
13218518
13219009
13219179
13221222
13224186
13224323
13226311
13227177
13227483
13228547
13229801
13229936
13230084
13232389
13239415
13240870
13245606
13249152
13249162
13249282
13249898
13252830
13255841
13256899
13262835
13264877
13265192
13265763
13265949
13267182
13268500
13270066
13270575
13270801
13271492
13272105
13272387
13272834
13273127
13274936
13276277
13277290
13278150
13279360
13279721
13280424
13286531
13289761
13290266
13292412
13293092
13295396
13300275
13301224
13302787
13302881
13305883
13305969
13305978
13305992
13306743
13307611
13307625
13307889
13307942
13307956
13308715
13308964
13309746
13310020
13310056
13310183
13310192
13310332
13310367
13313268
13313893
13316101
13317978
13318997
13320972
13321700
13322911
13326045
13328062
13332637
13332803
13336479
13336500
13339036
13339148
13341141
13341216
13341632
13341646
13342147
13342636
13344024
13344611
13344722
13344754
13344998
13350198
13350447
13350455
13350697
13350710
13352642
13354651
13360964
13366448
13371894
13373239
13373718
13374842
13376843
13377992
13378136
13380139
13380471
13382060
13382282
13384148
13384869
13385636
13386078
13387448
13389447
13391362
13392257
13393034
13393048
13393623
13394036
13394401
13395921
13396943
13397930
13398969
13399525
13399709
13399733
13401389
13402835
13403238
13403261
13406597
13406712
13407073
13407306
13407362
13407775
13408549
13410019
13410240
13410340
13410463
13410592
13410881
13411060
13411095
13411097
13411350
13413433
13413519
13413533
13413578
13416291
13417713
13418323
13418592
13418604
13418620
13419434
13419626
13419776
13421213
13421454
13421965
13421978
13421989
13422114
13422174
13422858
13428202
13428378
13430087
13432458
13432815
13432839
13434924
13437689
13437826
13439110
13440105
13441060
13442609
13443476
13445031
13450517
13454399
13454752
13456440
13462171
13464805
13466121
13466271
13466405
13467519
13468681
13469020
13469168
13469320
13469547
13469783
13470582
13472714
13474367
13474474
13475403
13475968
13476054
13476092
13476230
13476424
13477876
13478324
13479410
13481616
13482023
13482234
13482339
13482527
13482557
13483084
13484026
13484588
13485834
13486175
13486346
13486584
13486774
13487229
13488823
13488948
13489096
13489111
13489269
13490562
13490653
13490914
13491055
13491519
13491650
13492594
13492866
13493136
13493205
13493264
13493781
13494025
13494813
13494853
13495177
13495297
13495489
13495814
13496148
13497125
13497286
13497444
13497501
13497536
13497930
13497965
13498139
13498162
13499182
13499240
13499259
13499352
13499466
13500105
13500477
13500856
13502008
13502664
13503096
13503235
13503586
13503691
13503788
13503976
13504109
13505460
13506362
13506441
13506748
13506844
13507029
13507087
13507372
13508507
13508892
13509100
13509816
13510487
13511822
13511941
13512180
13512365
13512496
13512591
13514189
13515486
13516443
13516632
13517777
13517975
13518150
13519871
13521416
13522309
13523397
13523501
13523796
13523883
13524007
13524016
13524117
13525599
13525851
13526524
13527466
13527572
13527630
13529224
13531346
13531832
13533813
13533929
13533958
13534011
13534111
13534177
13534351
13534769
13535190
13535362
13536518
13540909
13541118
13541526
13545018
13545251
13545496
13545547
13545905
13548042
13551507
13551834
13551937
13551963
13552132
13552293
13552368
13552489
13552810
13553739
13555122
13555133
13555222
13555557
13557457
13557727
13558911
13561229
13561300
13561325
13561669
13563452
13565854
13567674
13569359
13575354
13575437
13575676
13576402
13576476
13576680
13576709
13583714
13584953
13585048
13587692
13593274
13593798
13593877
13594542
13595981
13596179
13596377
13600862
13602003
13602131
13602404
13602424
13602645
13602873
13602880
13602981
13603723
13603933
13609536
13609644
13610104
13611295
13611394
13612533
13612770
13612857
13613085
13613345
13613361
13613487
13613587
13613656
13614219
13616905
13617019
13624128
13624182
13624414
13624525
13624612
13626230
13626425
13628672
13628835
13629567
13632313
13632347
13634069
13634836
13635411
13635638
13640203
13642041
13642122
13644668
13644771
13648868
13649074
13654961
13655170
13655219
13655295
13655461
13655632
13655640
13655938
13656063
13660271
13665988
13671517
13673463
13673804
13676067
13678026
13678453
13680188
13681097
13684128
13686874
13690080
13690238
13690328
13694576
13695376
13695466
13697229
13698936
13699770
13702373
13702983
13703230
13703500
13703511
13703684
13705114
13705517
13705851
13705974
13706482
13706707
13706807
13706993
13707127
13707268
13709052
13709187
13709635
13710301
13710515
13710997
13711916
13712496
13712877
13714366
13715424
13715474
13715639
13715900
13716277
13718391
13719066
13722091
13722537
13724859
13726178
13729711
13729827
13730655
13731946
13732027
13732428
13732768
13734251
13734258
13734272
13735519
13735545
13735819
13736030
13736042
13736274
13736297
13738421
13739646
13740130
13744360
13744410
13744495
13744652
13744684
13744750
13744798
13744884
13745449
13746560
13746810
13747117
13749499
13750108
13753147
13757713
13759545
13760204
13760690
13762718
13762833
13762985
13765785
13766945
13767156
13767264
13769957
13770177
13771574
13772943
13774753
13775262
13776700
13776846
13777931
13780401
13780516
13780754
13780893
13781083
13781221
13781420
13781563
13783927
13785138
13786294
13786480
13787434
13788670
13788751
13788770
13788882
13790905
13790984
13791577
13792630
13792809
13793275
13793883
13793984
13794216
13795118
13795840
13795946
13796456
13796491
13796551
13796874
13796984
13797080
13797390
13797511
13797686
13798101
13798457
13798561
13798758
13798866
13798962
13809203
13810935
13814003
13819262
13821418
13821681
13822760
13822828
13822926
13823000
13823109
13824899
13824980
13826830
13827059
13827560
13827638
13830281
13830403
13830625
13831200
13831283
13831482
13831656
13832034
13833675
13833708
13833739
13833840
13834087
13834503
13834794
13834980
13835356
13836060
13836278
13838059
13838142
13841620
13841953
13842561
13842669
13842772
13843067
13845721
13847251
13847601
13847704
13847748
13848373
13848417
13848618
13848699
13851057
13851376
13851784
13851877
13852001
13852003
13852582
13856376
13859583
13859666
13861149
13861284
13861378
13862770
13862907
13864022
13864600
13864796
13864942
13865123
13867064
13867222
13872190
13872320
13872498
13872536
13872653
13872755
13872925
13873035
13873442
13874308
13874414
13878766
13878900
13878988
13879194
13880148
13880275
13881535
13881643
13881785
13887207
13887408
13887474
13888582
13889039
13889391
13889534
13889883
