1
4715
9989
10919
11336
12514
13004
21705
22061
22708
23124
24057
26616
26649
27383
37300
43227
44617
47179
49171
53549
57102
57239
58410
60458
60817
60962
70356
72457
72606
72932
73462
77127
77883
80469
83585
84405
85378
85403
85452
85488
85847
86346
88348
90052
91360
91806
95369
97549
98398
105345
109898
110143
116715
117311
118023
120336
121228
123164
124394
125696
125830
126442
126822
128457
129044
129124
129443
131547
131711
131763
131987
132270
140865
140980
143218
144321
144762
146466
149466
149790
150709
152600
153591
157996
158019
158133
159099
159351
164277
168693
168917
171011
173419
174764
175051
175693
175795
179237
182515
184297
185125
188734
189280
190972
196222
197051
197409
197915
198401
198731
202339
203487
203591
203731
204398
204956
205033
205522
205595
205686
206100
206301
206600
206915
206973
207175
207708
207774
207825
207894
210679
211886
213750
213838
214465
214950
215036
215212
215643
225483
234877
237354
242406
247570
248666
250613
253600
257618
260590
261148
262036
265540
267357
274922
276991
279513
280160
280178
280362
282042
292700
296900
297780
300816
301007
301335
301806
304735
311529
311764
312517
313273
314169
314932
315219
318915
319868
320266
322694
323488
323964
324111
325015
325755
325861
326217
326807
326906
327218
328486
329018
329468
330034
331002
331583
332018
332398
333092
333979
335001
335409
335843
336129
336847
337561
338133
338657
338751
339235
339434
339843
340170
340526
341458
341966
342171
342414
342827
343224
343301
343449
343705
343845
344847
345386
346152
346637
347434
347859
348297
350034
350667
351244
351477
352023
352726
353319
353711
357766
357900
358497
358910
359334
359926
361042
361168
361552
362544
362651
363483
363651
365336
366002
366840
367149
367381
368357
368484
368873
368963
370335
372049
373423
374506
375438
376599
377204
378817
379186
379355
379942
380050
382500
386715
386817
387445
387460
388033
388330
388356
388992
389407
390277
390790
391501
392072
392848
393862
394591
394710
396582
397783
398518
399148
399469
400482
400939
401636
402390
404196
404798
405071
405476
406147
406811
408915
409369
409990
410023
410609
411273
411594
412149
412638
413414
413868
415737
416036
416661
417608
417702
418433
418990
420060
420439
420775
421474
422159
422644
423003
423233
424198
425617
425672
426071
426440
426654
426993
427186
427404
427569
427813
428001
428404
431024
431210
433470
433676
434619
435310
437140
437472
438661
439277
440856
441116
441203
441334
441454
441894
442405
443186
443462
443813
445415
445887
446501
448418
448626
449459
450142
450453
450994
452451
452496
452562
453014
453433
454249
454652
454851
455030
455099
455106
455691
456501
457644
458506
458551
458677
461813
462164
462481
463517
464743
466143
466685
466901
467000
467236
467563
467567
469264
471037
473194
474633
477024
478743
483629
484698
485463
486210
486688
486742
486883
487407
487854
488415
489872
491352
491466
492088
492144
492678
493516
493676
496126
496968
497459
498433
498683
509903
514489
516646
519607
521341
521970
524941
527211
528102
528185
528619
530595
532618
533986
534432
535126
541318
548110
548592
550609
550922
551869
552550
554870
559809
560790
562184
562989
563413
564337
565435
569413
571417
573039
574326
574890
575079
575203
575291
575568
578645
583911
585139
588783
591778
593199
597315
600774
603162
603775
606613
608686
609675
610226
611223
617989
620632
621663
627868
630574
633758
635550
636275
645197
652481
655005
658104
659047
660991
663501
666535
668261
670904
676656
677267
677702
678249
679232
681683
682019
690463
691046
694679
695098
696457
697029
697768
700195
703864
704085
705783
706001
708349
708428
709503
713331
715631
716563
716565
717154
720052
729136
731806
732824
735254
735869
738471
739075
739512
739613
742692
743386
744714
746221
748855
751061
751191
752008
752911
753727
754770
755472
759146
759996
770719
771958
772518
774320
778314
779684
779754
779767
779921
779993
780070
780210
780338
780594
783042
788863
793961
796965
798490
800511
802333
805235
806494
807692
809007
811481
812580
822223
824742
826659
830507
833666
834970
835970
836121
836493
840240
840788
841487
842464
844170
845680
846337
848355
848557
848656
848931
848955
849049
850368
851467
851956
852143
852223
852276
852305
852354
852410
852515
852563
852758
852883
853611
853964
854001
855739
856608
857194
857205
870671
874597
878322
878543
878630
879124
879411
879706
895054
904624
905605
905642
906214
907659
910819
911221
928836
929648
932165
936341
937648
937739
937886
938244
938617
939213
941773
941845
942071
942595
943189
944128
944743
945115
945806
948874
949024
949115
949406
949548
949616
949731
973378
974562
975375
975854
975958
977227
983875
984413
985891
987402
987931
988022
988077
988139
989622
989821
989845
992151
995478
995623
995776
998181
1002515
1016104
1021450
1022204
1027666
1029420
1029593
1029709
1029779
1029869
1030248
1030851
1030875
1030887
1031139
1031287
1031317
1031451
1031526
1031779
1032167
1032358
1032454
1032650
1033110
1033270
1033562
1033663
1033671
1033898
1034465
1034609
1035434
1035684
1035798
1035920
1036053
1036317
1036471
1036638
1036880
1037054
1037248
1037339
1037597
1037692
1037838
1037992
1037994
1048067
1048242
1048874
1049005
1051442
1051589
1053174
1066207
1070807
1073513
1077276
1081155
1082088
1084261
1084411
1084783
1089317
1092275
1092829
1096386
1097410
1097710
1100141
1100253
1103666
1103765
1107039
1113700
1117887
1118730
1130171
1133732
1134458
1136827
1145070
1148281
1151618
1155494
1156674
1157547
1160452
1162946
1162959
1163086
1163543
1164501
1164577
1164827
1165012
1167515
1170186
1175237
1175868
1176517
1177073
1179114
1180014
1182620
1182788
1184720
1185421
1185556
1187526
1188165
1190764
1190979
1197932
1199469
1202339
1202501
1202748
1203212
1204701
1204855
1205496
1206519
1207849
1208675
1214863
1215991
1220176
1226760
1228020
1229341
1230000
1230150
1230292
1230624
1231009
1231181
1231966
1232687
1238010
1238191
1238379
1241406
1241485
1251557
1253576
1254841
1255751
1255779
1256125
1265401
1268076
1272275
1273431
1275190
1276318
1276927
1279420
1284363
1285651
1288740
1289850
1300330
1304150
1305801
1311777
1313221
1315661
1316372
1319188
1319395
1319582
1326250
1326663
1329218
1329297
1332803
1335164
1338645
1339428
1339737
1341055
1342989
1345724
1345973
1346239
1347366
1347979
1347996
1348218
1348592
1349155
1349993
1350081
1357111
1357625
1358189
1358245
1359404
1360110
1360171
1363508
1363637
1363776
1370561
1372144
1374375
1375450
1376724
1376929
1379586
1382035
1382084
1382135
1382263
1382615
1383540
1383993
1384058
1384158
1384446
1384838
1384937
1386240
1391560
1393192
1393312
1393679
1393788
1396053
1396254
1396656
1396935
1398710
1398787
1398882
1398983
1399171
1399923
1400066
1400169
1400179
1402422
1402576
1402638
1405606
1407276
1407521
1412208
1413007
1414684
1416770
1419818
1420762
1421904
1423466
1424338
1426615
1431079
1433751
1433920
1434360
1434584
1434590
1434987
1435066
1435675
1436724
1436803
1437428
1437468
1437574
1438032
1441455
1441565
1441643
1442052
1442186
1442253
1443176
1444740
1445000
1445127
1445486
1448373
1448583
1448958
1449052
1454030
1454162
1454597
1454885
1457341
1457883
1458915
1461113
1462724
1463692
1466563
1470068
1474290
1477499
1479115
1479882
1480139
1480240
1480467
1482549
1484475
1487707
1489049
1489071
1491017
1495315
1496229
1505903
1506532
1510013
1511197
1511985
1512835
1513642
1514476
1514903
1515114
1515687
1515780
1515965
1516101
1516373
1518463
1519116
1521394
1521787
1522806
1531838
1536179
1536598
1536706
1538344
1538447
1538535
1538616
1538720
1539104
1539252
1539381
1539440
1549013
1549300
1549585
1552598
1553367
1558295
1563466
1564058
1568494
1570327
1571017
1575894
1575955
1579409
1582862
1585885
1602811
1602947
1607418
1608183
1611064
1611645
1612417
1614001
1614997
1615325
1615898
1616782
1617128
1629290
1630983
1632188
1633284
1633925
1643203
1645772
1648333
1650311
1653487
1657189
1658346
1658517
1659234
1662473
1662682
1663304
1663452
1663749
1665643
1667270
1669102
1673059
1673236
1673523
1673887
1673908
1677114
1679752
1681655
1683249
1685400
1686826
1689068
1689847
1692486
1693835
1694646
1696696
1698423
1699088
1699300
1699398
1699417
1699526
1705904
1710757
1710817
1711200
1711812
1711890
1721374
1723135
1727963
1728261
1728432
1728494
1728789
1728799
1730323
1730757
1731104
1731247
1731515
1731614
1731640
1733415
1734359
1735478
1735812
1735918
1747115
1747569
1757387
1757890
1758018
1761639
1764092
1766748
1769700
1770583
1771989
1772923
1774336
1777631
1782271
1783004
1785633
1789670
1789777
1790504
1791005
1791300
1792348
1793127
1794891
1799380
1803249
1803430
1803638
1809742
1811929
1814727
1820392
1824511
1825844
1826564
1830843
1833590
1835563
1836193
1842271
1844667
1870018
1875428
1878385
1882617
1883703
1886216
1886253
1886277
1886894
1888950
1888969
1890136
1891305
1891471
1891488
1891831
1901559
1901932
1902194
1902290
1902395
1905188
1908468
1917419
1922791
1930612
1930685
1930752
1930921
1934890
1935345
1935356
1935886
1937478
1938824
1938888
1938939
1938997
1939051
1939113
1939188
1941542
1941559
1943742
1948327
1948551
1948664
1948746
1954432
1958024
1961236
1962593
1965691
1966627
1967602
1968199
1969875
1972152
1972239
1972421
1975102
1977440
1984540
1988212
1990107
1991023
1993332
1996742
2002868
2004904
2005505
2007098
2008524
2008597
2008632
2009064
2011747
2022796
2025726
2026207
2029180
2029634
2029913
2030227
2032845
2034451
2035972
2041509
2042740
2057310
2066983
2067247
2067433
2069764
2074044
2076444
2082708
2082751
2084197
2084291
2084742
2085825
2085961
2086032
2087935
2089138
2092099
2092532
2094703
2112858
2119328
2121430
2127242
2128071
2128279
2128304
2128523
2129010
2131805
2133417
2133740
2136374
2137806
2137938
2138825
2138837
2139040
2139289
2146196
2146271
2146407
2146689
2147564
2158181
2167400
2167974
2172216
2173224
2180292
2184671
2186853
2187811
2194007
2204187
2204254
2204399
2204450
2204808
2232106
2234153
2241701
2244678
2245544
2250522
2252508
2253006
2253238
2256507
2258615
2259204
2259593
2269009
2292647
2293468
2295034
2297165
2297266
2298311
2298340
2301141
2302329
2302982
2307035
2311811
2312883
2313334
2313628
2313755
2313983
2314127
2314276
2314409
2314682
2314702
2314741
2314931
2315025
2315062
2315068
2315111
2333988
2334103
2337452
2341903
2342609
2342631
2345187
2345336
2345472
2355617
2355925
2357712
2362718
2367623
2369982
2370170
2370422
2370663
2370860
2370988
2371064
2371114
2373302
2373593
2381198
2382905
2385332
2388263
2389663
2390320
2392379
2393034
2393126
2393347
2393736
2401891
2402966
2403596
2408430
2408520
2408702
2408830
2408946
2409097
2409181
2409407
2409420
2409486
2409622
2409761
2412887
2429453
2430280
2430746
2431566
2434756
2437186
2445398
2447347
2449129
2450388
2450701
2450841
2451446
2452190
2456391
2460209
2461318
2461517
2461601
2461943
2462062
2480291
2482343
2488629
2492913
2493061
2494729
2495545
2499117
2501344
2501836
2504186
2505715
2506303
2506943
2509428
2513573
2514561
2515368
2515716
2516528
2519739
2521492
2523102
2523291
2524488
2538239
2539997
2547895
2549090
2551745
2554423
2560018
2560388
2561762
2562178
2562806
2564328
2564845
2565160
2566333
2571142
2572222
2588459
2593551
2598764
2600360
2601233
2604597
2604715
2606159
2607943
2608335
2608753
2610924
2624705
2628364
2631224
2633716
2641040
2643587
2645495
2646556
2646685
2650406
2650948
2656459
2657232
2658247
2658785
2661315
2662285
2664129
2665190
2665846
2668428
2669059
2669564
2670866
2674275
2674669
2677133
2678231
2680178
2680540
2680718
2681756
2696122
2698728
2701915
2702085
2716528
2716689
2721130
2728127
2746327
2751246
2752864
2754953
2760683
2764944
2766641
2768512
2769145
2769986
2774585
2776476
2777559
2777715
2778253
2780479
2785258
2785758
2785989
2788272
2804768
2809328
2809420
2812304
2812788
2813201
2817950
2820216
2822838
2831306
2831704
2832018
2833872
2834270
2834427
2834511
2840033
2840982
2849083
2850227
2850973
2851942
2852344
2852477
2860217
2867867
2867980
2881643
2885790
2886496
2886818
2888131
2892928
2894616
2895842
2897671
2901743
2902572
2924674
2928316
2930183
2931474
2935125
2936160
2937088
2937626
2938643
2941634
2950552
2951605
2951719
2953155
2955518
2956165
2957827
2960465
2961844
2963443
2964852
2965643
2967102
2968756
2969682
2972119
2973293
2974244
2975410
2977612
2988283
2989317
2991219
2995328
2995734
2998538
2999760
3000218
3005338
3008476
3011507
3012043
3012325
3012339
3012577
3012709
3015710
3020890
3021403
3024034
3026664
3027140
3028014
3031674
3032402
3032676
3032799
3033105
3034766
3035226
3036588
3036906
3043384
3056078
3061247
3061311
3061374
3061473
3061816
3062441
3062565
3063025
3064594
3065878
3067747
3068136
3072283
3075560
3077284
3078074
3078099
3080060
3087289
3088102
3089358
3089620
3093879
3094051
3094572
3096019
3096084
3096806
3096871
3097017
3099115
3099159
3099227
3099390
3099508
3100671
3101841
3104007
3109958
3110802
3117680
3119883
3123528
3126553
3128648
3132026
3132042
3132537
3133586
3138683
3143577
3144395
3144909
3145389
3146955
3147657
3151793
3153608
3155824
3159031
3160860
3161614
3163376
3163388
3166034
3170346
3173821
3174287
3176892
3178854
3180099
3181981
3184877
3185028
3185044
3188410
3190844
3191195
3193861
3194611
3199343
3202706
3202747
3203026
3203068
3203115
3203795
3204275
3204456
3204481
3205999
3210421
3214360
3223975
3227554
3231734
3234207
3238329
3239219
3239379
3239734
3239788
3239908
3241762
3246001
3247955
3250306
3252493
3252724
3256393
3256423
3256754
3256810
3256930
3257007
3257052
3258854
3259471
3260308
3261722
3261955
3265377
3266053
3266630
3268838
3269571
3273958
3275270
3277989
3278807
3281440
3284836
3287370
3289842
3291167
3291427
3291787
3291889
3291967
3292136
3292856
3295676
3299007
3300419
3302070
3303479
3305761
3308335
3312118
3313834
3315156
3319204
3320197
3320592
3321819
3323003
3324488
3326601
3330417
3341832
3343403
3344041
3348759
3352271
3354743
3355446
3356321
3362755
3364950
3366469
3370635
3370708
3371036
3371078
3373809
3375356
3376926
3377413
3377476
3377530
3379845
3380170
3380212
3381240
3381396
3383380
3384531
3387894
3389055
3390417
3396209
3397262
3397582
3398402
3400353
3404567
3405163
3407721
3409531
3410010
3410244
3410820
3412668
3413093
3413855
3419349
3420262
3421851
3422267
3423068
3424428
3425430
3425453
3426625
3429315
3429955
3430446
3438462
3439350
3440719
3442687
3455211
3455508
3456238
3457654
3458447
3460001
3460412
3463219
3463706
3463742
3464895
3465127
3465670
3466474
3468016
3468029
3470840
3471224
3471261
3471382
3471524
3471584
3471920
3473384
3474328
3475177
3477851
3479053
3482240
3482903
3484783
3485198
3485550
3486096
3486643
3487944
3491454
3494106
3495481
3495858
3495984
3496141
3500568
3500826
3502681
3502805
3504354
3505651
3505935
3507676
3510826
3513536
3514515
3517275
3518113
3519454
3521255
3521331
3524657
3525582
3526286
3530354
3530913
3531150
3531287
3532935
3533565
3533672
3534626
3535131
3539281
3539339
3545595
3553731
3557144
3557659
3558053
3562309
3564231
3564750
3568867
3569769
3571142
3573993
3575127
3577924
3577977
3578185
3578438
3580523
3582750
3583493
3584163
3585417
3585582
3585682
3585717
3585849
3585863
3585939
3585990
3586171
3587511
3587893
3588235
3588693
3589160
3590854
3591656
3592179
3593580
3599823
3603826
3603837
3620352
3621130
3621976
3626431
3636075
3639997
3640869
3641424
3642416
3642717
3642782
3642874
3642891
3643296
3647603
3652030
3653068
3655758
3656917
3658120
3661542
3662419
3663408
3663491
3664548
3665438
3665872
3666381
3667724
3669233
3671155
3671358
3672415
3672753
3674068
3674481
3674836
3675157
3675209
3675489
3676489
3678045
3678806
3680151
3681207
3681581
3682241
3682375
3683131
3684561
3685445
3685943
3686323
3686902
3687966
3688463
3689104
3690299
3692055
3692566
3699427
3699463
3700413
3701111
3702262
3703495
3705943
3708689
3709065
3709610
3710153
3711187
3711581
3712286
3712967
3713190
3713377
3715386
3715460
3717711
3718100
3739562
3750588
3751477
3752946
3753239
3753454
3754787
3756378
3757123
3758308
3758670
3759284
3759977
3763425
3764805
3765346
3766219
3766977
3767364
3770098
3770260
3772031
3772511
3773484
3774751
3775103
3775602
3777587
3778304
3779166
3779545
3779914
3781056
3782423
3782552
3783245
3785924
3786580
3788459
3788900
3790329
3810043
3810157
3810207
3810421
3812315
3814555
3814629
3814891
3815081
3815328
3815767
3823168
3825935
3828026
3829363
3830753
3832218
3833834
3838332
3838807
3841772
3844135
3844691
3845785
3846074
3849291
3849350
3852693
3853216
3853906
3854474
3855186
3858100
3860368
3860461
3860613
3860774
3863355
3863413
3863637
3863769
3863889
3863973
3864422
3865418
3866388
3868372
3874745
3887955
3891792
3892448
3892842
3892855
3893443
3895085
3896180
3896681
3898938
3901188
3901802
3902425
3903016
3903749
3904622
3906223
3907540
3909321
3909912
3910051
3910198
3910347
3910970
3911603
3914166
3916777
3917704
3918293
3918438
3919128
3919182
3921035
3921495
3922484
3922926
3924151
3927362
3927456
3929587
3930388
3930872
3931698
3934617
3936437
3936987
3938210
3938801
3939546
3939620
3942014
3942522
3942917
3943230
3943410
3944071
3944735
3944854
3945464
3946291
3949053
3950080
3950145
3950248
3950377
3950648
3950718
3950836
3950881
3951064
3952544
3952654
3952733
3952905
3953024
3953095
3953329
3953457
3953993
3954071
3954149
3954853
3955717
3955801
3956054
3956227
3956336
3956723
3956860
3957118
3957588
3957799
3957993
3959742
3959872
3960025
3962898
3964068
3964195
3967694
3968693
3969327
3973326
3973898
3980276
3987206
3992107
3994409
3994890
3995441
3996391
3996832
3997622
3997719
3998099
4005099
4005185
4007874
4008137
4015106
4015739
4017456
4018341
4019170
4019373
4021799
4023716
4023748
4025398
4032412
4036954
4042508
4042649
4045024
4045437
4046063
4047819
4049611
4049963
4050629
4051009
4051691
4052900
4054160
4055223
4058893
4060373
4060756
4060970
4065198
4065586
4068210
4068758
4069680
4071383
4075034
4075061
4075276
4076397
4078642
4083071
4084434
4084535
4085400
4086075
4087260
4088960
4095124
4097736
4099772
4100506
4106732
4106800
4107246
4107865
4108794
4109826
4109997
4110630
4110647
4111948
4112466
4113077
4115907
4116544
4116618
4117658
4118425
4123035
4125805
4131476
4133899
4135006
4136995
4138713
4139220
4139543
4148005
4148120
4148550
4148814
4150730
4151291
4155061
4155621
4156157
4159446
4163563
4163596
4178175
4180426
4180490
4181697
4182933
4183231
4186585
4186761
4189423
4192404
4194414
4196169
4196951
4197464
4198265
4199000
4201026
4201181
4201279
4202218
4203985
4206386
4207647
4211782
4213162
4213647
4213905
4215705
4217259
4217260
4218285
4219077
4219670
4220375
4220869
4222890
4225541
4226366
4226547
4227050
4227928
4229249
4229530
4231516
4232812
4232921
4235241
4235708
4240663
4241673
4242392
4242757
4246323
4247394
4250019
4250710
4251098
4251563
4257094
4257861
4259371
4260352
4260851
4261077
4263053
4264194
4264429
4264627
4264739
4264846
4265230
4267008
4267746
4269233
4269936
4272642
4274862
4276882
4278538
4278884
4280287
4284024
4284035
4287241
4289056
4289718
4291018
4294177
4294956
4296506
4296874
4300460
4303126
4307087
4308519
4309078
4309977
4310461
4312822
4313197
4315409
4316424
4318904
4320823
4322308
4324997
4325692
4328379
4329397
4333677
4335868
4337410
4339058
4343481
4346279
4346385
4346532
4351294
4352574
4354225
4356555
4357011
4359887
4360578
4362308
4363649
4364955
4366328
4368156
4368717
4368816
4368927
4368976
4369095
4369274
4369454
4369516
4371581
4372948
4373100
4373137
4373237
4373515
4373813
4379792
4386513
4387350
4389323
4389523
4389736
4389866
4390049
4390204
4390343
4390699
4390872
4391398
4391878
4392143
4392242
4392378
4392512
4392649
4393134
4393955
4398756
4400421
4404740
4405349
4405486
4405859
4405889
4405900
4408881
4412505
4413518
4414776
4416210
4417119
4421056
4426749
4429448
4430620
4430718
4433364
4438299
4438493
4438968
4439012
4439817
4440204
4443526
4444707
4446260
4447519
4452394
4454127
4454385
4454861
4455173
4458817
4466995
4467656
4470794
4472875
4473837
4476792
4476846
4481087
4482686
4483386
4487154
4489059
4491495
4494838
4496493
4497408
4504984
4505170
4510322
4515197
4517241
4517500
4518548
4520588
4522045
4522154
4523365
4525415
4525537
4526013
4532998
4535851
4536531
4537824
4540162
4540760
4542324
4542714
4548704
4550448
4552522
4555082
4560098
4560858
4561355
4562502
4567793
4568948
4570329
4575367
4579356
4579483
4579852
4580573
4581746
4582235
4582370
4582482
4582625
4582632
4582679
4585023
4585375
4585453
4589968
4590033
4592121
4593563
4600143
4603188
4603365
4608674
4613514
4614265
4616738
4623477
4624372
4626404
4626834
4627499
4628889
4632011
4632427
4632874
4633131
4634795
4635374
4635810
4638959
4639135
4640262
4640372
4640915
4641854
4642087
4643456
4650576
4655213
4655680
4655969
4656093
4656291
4658690
4659405
4659646
4665485
4668666
4675485
4679333
4681917
4684227
4684896
4688465
4690115
4692502
4693380
4694657
4717970
4718658
4729180
4729976
4730416
4731089
4744127
4744624
4745680
4751504
4753722
4759329
4762241
4762273
4763712
4764954
4766979
4768061
4769261
4782834
4795428
4803326
4803927
4804193
4804372
4808215
4809772
4811311
4811492
4812359
4813599
4818608
4819650
4820568
4821002
4821057
4821266
4822914
4834441
4838682
4841273
4841468
4841542
4841704
4842303
4843963
4852141
4852342
4853445
4859372
4860940
4861035
4861535
4864338
4865977
4866470
4871251
4872842
4874155
4878537
4881280
4883353
4902785
4904012
4905424
4905531
4905599
4906443
4906615
4906767
4906986
4935702
4937499
4943964
4945384
4945510
4946783
4947203
4952081
4953793
4957900
4964236
4964558
4977938
4978338
4981187
4984003
4985759
4989299
4989337
4991550
4992366
5029663
5039792
5042226
5044382
5045479
5046113
5048907
5049043
5053851
5054136
5058632
5059031
5065768
5066708
5066794
5067627
5070020
5070024
5070209
5073311
5075461
5087036
5106541
5119321
5120083
5129650
5131958
5132920
5134379
5142730
5149589
5151350
5153129
5153964
5154387
5159498
5159800
5164337
5165608
5187251
5190743
5192991
5194366
5198035
5200135
5203233
5204018
5204261
5204568
5205039
5212809
5213357
5213366
5225779
5228142
5228284
5228404
5228521
5228729
5228779
5229105
5229197
5229262
5229467
5229982
5230045
5230121
5230285
5230413
5230581
5232042
5232131
5232261
5232545
5232618
5232783
5233031
5233573
5234110
5234497
5234609
5234710
5234812
5234878
5234991
5235110
5235235
5235343
5236905
5237837
5242811
5243062
5243155
5245105
5247676
5252125
5252284
5252319
5262028
5262124
5262484
5264954
5266809
5266926
5267358
5269451
5269746
5273703
5273844
5280584
5280610
5280993
5281859
5281898
5282325
5282328
5283368
5283371
5285161
5285197
5285503
5285859
5292849
5302058
5314460
5314609
5316607
5319112
5319409
5323913
5329055
5332062
5334920
5345514
5347952
5351098
5352496
5354835
5356026
5356464
5359394
5360246
5363059
5363902
5364057
5364832
5364964
5367684
5367868
5368049
5368483
5369958
5373505
5373772
5376112
5378642
5380390
5381233
5382021
5382228
5382359
5382471
5389082
5390347
5392138
5396459
5399000
5399773
5400662
5400947
5405126
5405189
5412679
5413700
5415700
5416413
5417085
5423751
5428421
5430233
5430890
5432562
5435415
5436115
5438742
5439317
5439724
5439782
5442762
5443021
5452486
5453192
5455001
5455678
5455804
5456307
5456694
5456836
5457093
5457473
5459486
5459721
5459906
5460210
5460603
5460864
5461056
5461297
5461659
5461758
5461937
5462611
5464046
5469589
5469962
5470044
5472035
5472203
5472481
5472628
5472709
5473081
5473283
5473396
5473615
5473744
5477018
5478857
5479913
5482878
5488819
5493634
5493728
5493902
5498227
5505965
5507634
5508575
5508826
5509021
5510016
5510180
5512687
5515305
5516658
5520289
5520843
5521142
5521252
5521788
5521913
5521975
5523811
5527648
5529164
5530182
5532384
5534951
5537366
5538396
5538413
5538740
5539666
5540534
5540857
5541978
5542220
5542354
5542428
5542613
5543119
5543286
5543863
5544021
5544232
5544258
5544268
5544535
5544558
5550428
5553821
5554648
5555602
5565058
5580031
5583275
5586210
5588193
5588958
5590565
5593193
5595541
5596122
5597620
5597662
5597672
5597951
5598174
5598637
5599072
5599105
5599399
5599698
5600056
5600422
5600732
5601228
5601794
5603247
5603685
5603836
5603993
5604257
5604314
5606473
5606971
5610333
5610409
5614105
5614979
5616574
5617514
5618353
5619338
5624791
5625463
5626390
5627463
5632727
5635397
5635505
5635557
5635611
5635665
5635716
5636040
5636723
5638699
5639291
5639804
5639864
5639920
5639983
5640045
5640101
5640152
5640203
5640922
5641061
5641535
5643885
5644929
5645990
5648319
5649577
5650507
5655611
5657653
5662367
5665577
5667383
5669820
5673538
5673696
5675453
5675596
5675923
5676012
5676218
5676301
5676533
5677574
5679085
5679156
5679446
5679893
5682018
5682635
5682761
5682890
5686402
5687258
5688060
5689588
5690808
5694477
5695788
5696471
5697721
5698104
5698682
5698756
5699047
5700394
5703267
5706593
5710135
5711836
5711859
5713508
5713594
5716513
5717001
5719675
5720189
5721633
5721719
5721822
5723336
5724523
5725759
5732808
5733644
5738108
5739970
5742271
5742689
5744853
5744914
5745412
5747864
5749482
5750008
5754013
5754950
5756060
5756371
5758858
5760591
5762172
5763412
5765120
5766737
5766996
5767585
5768857
5769356
5770353
5771324
5773039
5775604
5776712
5777451
5778476
5778821
5779540
5780765
5781189
5781282
5781578
5783918
5784000
5785669
5785832
5785997
5786337
5787413
5787687
5787954
5788242
5788543
5789048
5789465
5789749
5790095
5790651
5791033
5791546
5792087
5792420
5792726
5793502
5793856
5795684
5796410
5796928
5797143
5797648
5798399
5798865
5800726
5801291
5801897
5802351
5802556
5802970
5804765
5805304
5805985
5806931
5807276
5808998
5810209
5810656
5812990
5813121
5814102
5814625
5815285
5815497
5815797
5815829
5816513
5818146
5818376
5818721
5818945
5819331
5819642
5820433
5820845
5820893
5824508
5825339
5825394
5826495
5826607
5826709
5827107
5827200
5827557
5827581
5827596
5829426
5831484
5832767
5833932
5834259
5835000
5837601
5838170
5839983
5841285
5842740
5843156
5844054
5844644
5844672
5845326
5845670
5845858
5847449
5847674
5847987
5847994
5848992
5849144
5849893
5850580
5852116
5852616
5852737
5854513
5854878
5856741
5857421
5857621
5857692
5857909
5858083
5858402
5860366
5860434
5860671
5860816
5861743
5862348
5862834
5863811
5864194
5864602
5869110
5870275
5872961
5874911
5874957
5877121
5879231
5879847
5881346
5882602
5884307
5885583
5890962
5893429
5893796
5893954
5894320
5894385
5895648
5895880
5896059
5896072
5896271
5896409
5898807
5900102
5900507
5900642
5900776
5900905
5901141
5901533
5901534
5902049
5902107
5902333
5902415
5902540
5902565
5902628
5903578
5904017
5904262
5904467
5904991
5905230
5906789
5906936
5908731
5909232
5910186
5910651
5910788
5911042
5911418
5911660
5912282
5912469
5912916
5912980
5913134
5913167
5913414
5913972
5914642
5915616
5915948
5916336
5916423
5916646
5916737
5917026
5917086
5917703
5917862
5918155
5919068
5919315
5919536
5919836
5920442
5921319
5921395
5921693
5921846
5922009
5922070
5922682
5922777
5922933
5923398
5923739
5924796
5925061
5925218
5925428
5925880
5926047
5929331
5931829
5932253
5934100
5934540
5934741
5934771
5936259
5936709
5936904
5937653
5939253
5939862
5939910
5940421
5940851
5940901
5941023
5941417
5942141
5942320
5942781
5943445
5947309
5949155
5951533
5953470
5954283
5955018
5956762
5957579
5958527
5961489
5963558
5963903
5964184
5964743
5965215
5966197
5966212
5967980
5968535
5970838
5971065
5971293
5971901
5972875
5973344
5973664
5973835
5974180
5974369
5974841
5975885
5976403
5978381
5978890
5982458
5982642
5982988
5983399
5985060
5985549
5987505
5989619
5989737
5989831
5989958
5990199
5990567
5990721
5990800
5990898
5990912
5991154
5991554
5992365
5992955
5993907
5994085
5994479
5994879
5996806
5998002
5998509
5999505
5999619
6000235
6001823
6002259
6002589
6003134
6004064
6004519
6005092
6006162
6006516
6007015
6007646
6008556
6010067
6010203
6010429
6010814
6011439
6011797
6012264
6012604
6013017
6013823
6014034
6014209
6014835
6015370
6015813
6016970
6017310
6017615
6018292
6019759
6020229
6021247
6021329
6021536
6022060
6022965
6025560
6026061
6027924
6028587
6030600
6031433
6031645
6031894
6032064
6032081
6032102
6032213
6032353
6032384
6032441
6032608
6032656
6032820
6032967
6033013
6033157
6033265
6033444
6033642
6033662
6034695
6035362
6036411
6036951
6037045
6038155
6038426
6039025
6039273
6040460
6040776
6040914
6041347
6041437
6041492
6041556
6041641
6042101
6042217
6042225
6042307
6042327
6042869
6042991
6043326
6044345
6044375
6044787
6044945
6045063
6045136
6045335
6045674
6045758
6045992
6046712
6046980
6047512
6049268
6049937
6050819
6051845
6052511
6054506
6056086
6056727
6056913
6058297
6058552
6058622
6059068
6062315
6063067
6063645
6064725
6065113
6066069
6069688
6070360
6070910
6071356
6071789
6072140
6072249
6072282
6073107
6073279
6073962
6074699
6076884
6077316
6078852
6079018
6080227
6080309
6081028
6081035
6083585
6084949
6085391
6086262
6087255
6087380
6088161
6088162
6088177
6088643
6089847
6090811
6093166
6093308
6095863
6098487
6099431
6101548
6102353
6103358
6105130
6105453
6106075
6106280
6106796
6106897
6107270
6107537
6107915
6108031
6109897
6110333
6110548
6110733
6111499
6112390
6112819
6112893
6114989
6115909
6116872
6118009
6118160
6119392
6119620
6119723
6120052
6120133
6120224
6120458
6122696
6122804
6122837
6124765
6125294
6125361
6125608
6126321
6127283
6127494
6127596
6128306
6128780
6128944
6129404
6129586
6129754
6130190
6130563
6131139
6131256
6131515
6131585
6131677
6131793
6131968
6132087
6132277
6132632
6132717
6132724
6132824
6132866
6133035
6133167
6133260
6133509
6133608
6133614
6133780
6134085
6134313
6134814
6134930
6135043
6135170
6135368
6135454
6135648
6136017
6136314
6136345
6137131
6137749
6137855
6137980
6138655
6138655
6138987
6139551
6140307
6140657
6140740
6140793
6141124
6141792
6144504
6144751
6144938
6146427
6146858
6146972
6146986
6147044
6149071
6149677
6154227
6154308
6154476
6155473
6156443
6157037
6159059
6159763
6164544
6164696
6165428
6169506
6170336
6171165
6171681
6171708
6171998
6173375
6173448
6173780
6173967
6174411
6174478
6176146
6176284
6176624
6177563
6183055
6184504
6185139
6186017
6186608
6187189
6189280
6190354
6190383
6192072
6192927
6193050
6194848
6194934
6195103
6195374
6195471
6195522
6198458
6199383
6200802
6211413
6215216
6219138
6222518
6225481
6225674
6225981
6226089
6226192
6226204
6226440
6226499
6228069
6228719
6228781
6228867
6229151
6229261
6229951
6231413
6233139
6233224
6233350
6233596
6233744
6234075
6234903
6234943
6235731
6235839
6236090
6236202
6236491
6236897
6237091
6237277
6238112
6238142
6240964
6244583
6250059
6251215
6251704
6252292
6253019
6254059
6255314
6255651
6255720
6260296
6262540
6262826
6262934
6263100
6263284
6263677
6263982
6265574
6266306
6269729
6273625
6275004
6276404
6278252
6285701
6287462
6288835
6291629
6293895
6295316
6295945
6298421
6299163
6299245
6299559
6299987
6303306
6303570
6303817
6304298
6306515
6308100
6308202
6308351
6308587
6308691
6309238
6310064
6310899
6311021
6312000
6320936
6322093
6324034
6324084
6324613
6325075
6325673
6325784
6327236
6329945
6330019
6330258
6330812
6330997
6331104
6332006
6334187
6336042
6340580
6341239
6345300
6346007
6346121
6346393
6346402
6349164
6349748
6350784
6352821
6354949
6357582
6359260
6360060
6360780
6365323
6365516
6365755
6366015
6366943
6367035
6367082
6367093
6370441
6373203
6375347
6375771
6380955
6381043
6381582
6382171
6382768
6383422
6383507
6384656
6386360
6387081
6391878
6392493
6393166
6395246
6395563
6395605
6395752
6398308
6399081
6403663
6404317
6406140
6406770
6406859
6406956
6407238
6407337
6407876
6410032
6410731
6411186
6411351
6415309
6416138
6416909
6417384
6417555
6418010
6419263
6422203
6428756
6431609
6432842
6436082
6437012
6442349
6442686
6456936
6457030
6458517
6459901
6461468
6463739
6465377
6471737
6472487
6472676
6473094
6473205
6473331
6473865
6474551
6475137
6475531
6475594
6476578
6476597
6478438
6483025
6485625
6490986
6491494
6492368
6494150
6496096
6496415
6497312
6498572
6502019
6503062
6503527
6503816
6503981
6505368
6506430
6508048
6514121
6515362
6516053
6516506
6518097
6518775
6519763
6520803
6521356
6522231
6525521
6526615
6537794
6538241
6539835
6540160
6540428
6540880
6543211
6544921
6548808
6549273
6549942
6550305
6556632
6561303
6562606
6563150
6566765
6566815
6566945
6567086
6569001
6572117
6572349
6572427
6573187
6573868
6574416
6574541
6575234
6575741
6575869
6576965
6579202
6579267
6579368
6579538
6579751
6579808
6580451
6580515
6580598
6580824
6580877
6581304
6581446
6582082
6583045
6583637
6583778
6584430
6584917
6585865
6586720
6586839
6589910
6590350
6590693
6592835
6593401
6594995
6595359
6595406
6595512
6602420
6604356
6604790
6612971
6613254
6619034
6621438
6622495
6623204
6623742
6626728
6626765
6627716
6628855
6631779
6631919
6632192
6632287
6633055
6634319
6635518
6637913
6640463
6640682
6640775
6640884
6643916
6648074
6648521
6649530
6650197
6652008
6653461
6653482
6659472
6661900
6664041
6664279
6667969
6668220
6669134
6670312
6671497
6671836
6672247
6673100
6673166
6673769
6675506
6676846
6677985
6680306
6680857
6681247
6681306
6681586
6684965
6685029
6687966
6689019
6691311
6691470
6691833
6692019
6692028
6692109
6692465
6692788
6694567
6695623
6696374
6697464
6698351
6698438
6698533
6698625
6698788
6698891
6698894
6700968
6701252
6701361
6702534
6704648
6711303
6713566
6714946
6715461
6716166
6718819
6720501
6722773
6726426
6726711
6730404
6732912
6735768
6740387
6740782
6741815
6742540
6742554
6744466
6745540
6748115
6748487
6751618
6752435
6753299
6754051
6754532
6754593
6754846
6755003
6755009
6755332
6755549
6761044
6762636
6762753
6762867
6764645
6765092
6765475
6765634
6766182
6766666
6767946
6768007
6768194
6768534
6769348
6769753
6769943
6770041
6770105
6770180
6770307
6773540
6776676
6778393
6779818
6779998
6782747
6787470
6788803
6790006
6790641
6790846
6803268
6817810
6821975
6829170
6830359
6837543
6838226
6840137
6840161
6840407
6841404
6847153
6848287
6849308
6851194
6851678
6852175
6852283
6852422
6852745
6853102
6853286
6853296
6857706
6860895
6863556
6874800
6874938
6877006
6877013
6881004
6882495
6887423
6887798
6895128
6900974
6901665
6906147
6911482
6911530
6916569
6916699
6921501
6926827
6932245
6932374
6933913
6936135
6936311
6936394
6937379
6939892
6940729
6940894
6952786
6952881
6953323
6961681
6962472
6963093
6965535
6967518
6971672
6974411
6975320
6983163
6983863
6986525
6989886
6989909
6990191
6991414
6993462
6996957
6997182
6997264
7000750
7002774
7002876
7009207
7009872
7014042
7014762
7015072
7016424
7017389
7020835
7021760
7022067
7022117
7022185
7022609
7023149
7028594
7030191
7031091
7032639
7033470
7036195
7036573
7039967
7041642
7042418
7042926
7045798
7046239
7049469
7053987
7054065
7063374
7064616
7066740
7067472
7074446
7080598
7081077
7081937
7082051
7082560
7082689
7082799
7083735
7084254
7084380
7084721
7084847
7086590
7086787
7086946
7087376
7092737
7094611
7098587
7098729
7099007
7100528
7100616
7100794
7100902
7101000
7101107
7101125
7102743
7103158
7103207
7103282
7103441
7103699
7103733
7104495
7105177
7105552
7105617
7106285
7106336
7107144
7110249
7111115
7111539
7118322
7118561
7124844
7126034
7126111
7127268
7127887
7144473
7144929
7144961
7146095
7150573
7152753
7153610
7153671
7155447
7155578
7155638
7155900
7158069
7158884
7168939
7171174
7174950
7179508
7180027
7180971
7183603
7185743
7186122
7190371
7191218
7191446
7191504
7192356
7192902
7195122
7197395
7198012
7199000
7199442
7200909
7204524
7205258
7206029
7211566
7211810
7212071
7212967
7213498
7213595
7213661
7213844
7218839
7220092
7222110
7222930
7223115
7223366
7223472
7226397
7226466
7226749
7235750
7236002
7236513
7236652
7237338
7237698
7238055
7239016
7242060
7245636
7246513
7248363
7248419
7249578
7251858
7264203
7265024
7266672
7267619
7274740
7275102
7284627
7284815
7287407
7287419
7287486
7290100
7290178
7290444
7292133
7296641
7297776
7299341
7304037
7306767
7308262
7311040
7313953
7317894
7318193
7328616
7331821
7331939
7332036
7335220
7336374
7336604
7336613
7336706
7336740
7336791
7336905
7336961
7336995
7338309
7339544
7344644
7344730
7344757
7345141
7348592
7349265
7349816
7350194
7350919
7351203
7355234
7355726
7355744
7356207
7362614
7362677
7362730
7362795
7362846
7362904
7362965
7366750
7366848
7367237
7367260
7367371
7367456
7367469
7367524
7367551
7367616
7367752
7367859
7367969
7368233
7369364
7373632
7374074
7374523
7381939
7383983
7385432
7392676
7392780
7395310
7396150
7397161
7397253
7397391
7397561
7399821
7401927
7404627
7404681
7407963
7411348
7411859
7413987
7414079
7414707
7414731
7418249
7421503
7426848
7428466
7430416
7430711
7431092
7436438
7443264
7444895
7444966
7447956
7448070
7449853
7452007
7456468
7458514
7458650
7458873
7458953
7459504
7459544
7459836
7460308
7460361
7461001
7461391
7461507
7461711
7461752
7465607
7467137
7470767
7474866
7479062
7483079
7483662
7483967
7485673
7486060
7486291
7492410
7504613
7505284
7506329
7507761
7513135
7517688
7518546
7519119
7521241
7523755
7525202
7528067
7531875
7532001
7532224
7532284
7532393
7532685
7533886
7544717
7549854
7549915
7549976
7551499
7551926
7552014
7552083
7552355
7552426
7552569
7552615
7552641
7552695
7552785
7553737
7556317
7559535
7559592
7559710
7559765
7559806
7564576
7568067
7568113
7568173
7570235
7570804
7574631
7576476
7576515
7576620
7578788
7578854
7578911
7578967
7579024
7581899
7582148
7582639
7585151
7585333
7585418
7585800
7585857
7586082
7596579
7603906
7605368
7605729
7607122
7607367
7608334
7608560
7608613
7624553
7627972
7630541
7636065
7638796
7640370
7641480
7642663
7646556
7648283
7650686
7651318
7653770
7658451
7659129
7662869
7663771
7666730
7671356
7671623
7671677
7672063
7672717
7673455
7674066
7674265
7674578
7675034
7675192
7675546
7676779
7677208
7677288
7677680
7678086
7678628
7679844
7679928
7680398
7680844
7681032
7685855
7690075
7690248
7690410
7690710
7691849
7693287
7700258
7700949
7701487
7701644
7711790
7717612
7718320
7722083
7724956
7733013
7739308
7753908
7777572
7780678
7795823
7796087
7799315
7800409
7807011
7809608
7809699
7810085
7810411
7810528
7810855
7811042
7811102
7812204
7812458
7812947
7812971
7815261
7815837
7815961
7816490
7816526
7817319
7817592
7817967
7818497
7818797
7819166
7819708
7821816
7824478
7827501
7841038
7841544
7841713
7842576
7843986
7844306
7847088
7850551
7852011
7852653
7856784
7865696
7866680
7872116
7873538
7875029
7878544
7879629
7880115
7882719
7883616
7884843
7887615
7891561
7897558
7902736
7904415
7904834
7906849
7911115
7914627
7919927
7920227
7921069
7921200
7921226
7921746
7921782
7921862
7922283
7922474
7924561
7924802
7924943
7925063
7926406
7931496
7932789
7936847
7937391
7938893
7939586
7939681
7942115
7942286
7944596
7947398
7948228
7949662
7954295
7954310
7954816
7954980
7958085
7959557
7960074
7960727
7965841
7966150
7968212
7968864
7969810
7969859
7974250
7976286
7977330
7979546
7979945
7979967
7980822
7981252
7985781
7988848
7997082
7997254
7997709
7998223
7999075
8002352
8002661
8002869
8003339
8009493
8014529
8015358
8016203
8018004
8019413
8020511
8030325
8037851
8038611
8038860
8039424
8039789
8040473
8050034
8050299
8052265
8057215
8057313
8057988
8064510
8065239
8065602
8065781
8066126
8079657
8080035
8081693
8082465
8083995
8084094
8094748
8098540
8100214
8100670
8101760
8103039
8106425
8106610
8107713
8115587
8115957
8116788
8117185
8117255
8119957
8120194
8124070
8124827
8130016
8134586
8134912
8135597
8135765
8137208
8137275
8139386
8139683
8139721
8139885
8141564
8141863
8142123
8142149
8142377
8144624
8145325
8146149
8146510
8147369
8147825
8150793
8150861
8152920
8153250
8156547
8157249
8162559
8163178
8163611
8168779
8168850
8182602
8182924
8189665
8204621
8204949
8205039
8211692
8211778
8212357
8223037
8225969
8226189
8231334
8232340
8233696
8234493
8235149
8241830
8248083
8250066
8250165
8253091
8253868
8257153
8257825
8259918
8260239
8262414
8263664
8265023
8265644
8265796
8270121
8273964
8275645
8276057
8276230
8279291
8280446
8280875
8281534
8282038
8282504
8282821
8288182
8303699
8306984
8314278
8317090
8319038
8324915
8328804
8330758
8332225
8335181
8337207
8338392
8338842
8339028
8339250
8339371
8339496
8339609
8339717
8339877
8339929
8340195
8340698
8340768
8340792
8341808
8341951
8342090
8342129
8342210
8342248
8342552
8342595
8342665
8342980
8343085
8344121
8344468
8344751
8345398
8346198
8348924
8349429
8349897
8350490
8351685
8354271
8354402
8355785
8356127
8362344
8370041
8372474
8374251
8374430
8377431
8377560
8387891
8390717
8391812
8393365
8393678
8393849
8393860
8394023
8394314
8394449
8395437
8395497
8399916
8401928
8402628
8406251
8407679
8407767
8407892
8412648
8412711
8414935
8426490
8426832
8428213
8428955
8429950
8430763
8434153
8436124
8437995
8439739
8443327
8443479
8445908
8451104
8451441
8451522
8451661
8451845
8451922
8452130
8455304
8467057
8468427
8479661
8480000
8480144
8480208
8486638
8487190
8487608
8493340
8493496
8493971
8494595
8501179
8503221
8504594
8504818
8506423
8508798
8513068
8515026
8515779
8515965
8518759
8522117
8525657
8525859
8530216
8532248
8532834
8533071
8542392
8546981
8548278
8551385
8554011
8555974
8556046
8556475
8556929
8558787
8559483
8560311
8561979
8563930
8565424
8565941
8566054
8568275
8569915
8575045
8575172
8575228
8577449
8577781
8578478
8579476
8579661
8579819
8579935
8580095
8586445
8592350
8592787
8597534
8598230
8599383
8599810
8600502
8601185
8601883
8605066
8607966
8612030
8612594
8620810
8622363
8629147
8639964
8640037
8640279
8642957
8649204
8655611
8660436
8672106
8673202
8676779
8680202
8681402
8681476
8681881
8682122
8682195
8685595
8687185
8694652
8699083
8702997
8703235
8703454
8703897
8704330
8707208
8713116
8714227
8724105
8727509
8730459
8731340
8733174
8733684
8734580
8739715
8739855
8740402
8741731
8742013
8746300
8746367
8750807
8751259
8751569
8752280
8753492
8753758
8755003
8755272
8755578
8755839
8755868
8756081
8756151
8756915
8756963
8757032
8757040
8757115
8757328
8760956
8762283
8763762
8764712
8769345
8769864
8771511
8778702
8780087
8780095
8780184
8780248
8783348
8783639
8784195
8784257
8785988
8790310
8791633
8791812
8793028
8793396
8794824
8794882
8797552
8797943
8798975
8799542
8801198
8802055
8802845
8806157
8806356
8811328
8816039
8816183
8816307
8818086
8818407
8818476
8821348
8827639
8837679
8840322
8843115
8843819
8844281
8844668
8845149
8845443
8849008
8849126
8851717
8851818
8852040
8853167
8853923
8854115
8854551
8859814
8860182
8862234
8864587
8864642
8864709
8864761
8865032
8865105
8865162
8865215
8865503
8865608
8865695
8865777
8865803
8866270
8866406
8866573
8867091
8867120
8867758
8868696
8869174
8875758
8876020
8876155
8878404
8879642
8881697
8882169
8886475
8890368
8896936
8898302
8899115
8900473
8901516
8903620
8904134
8904503
8904807
8904905
8905151
8905964
8907255
8907622
8910197
8910331
8910635
8911096
8911389
8912785
8912980
8914043
8914367
8914651
8922072
8937806
8937873
8938233
8940949
8941003
8941417
8960139
8960355
8975755
8977095
8979534
8980083
8983788
9001680
9004598
9006016
9007559
9007710
9010556
9015092
9020059
9020290
9020499
9039103
9039567
9042377
9042721
9043702
9043773
9043806
9048125
9052950
9054069
9057227
9060867
9065657
9067638
9067760
9067859
9067924
9068274
9068486
9068803
9071475
9071583
9071678
9076017
9076420
9076686
9076723
9079603
9080067
9080634
9081791
9092481
9092490
9092579
9097730
9097741
9099577
9099686
9099952
9099960
9100222
9101572
9101774
9101944
9102017
9102171
9104621
9105241
9118932
9119779
9125781
9126346
9126870
9138792
9138917
9138991
9140481
9140629
9140762
9142564
9142803
9143125
9143204
9143226
9143354
9145691
9146090
9151331
9153570
9154194
9154719
9154826
9154930
9155226
9159610
9159946
9164703
9172809
9180509
9181609
9186596
9187215
9192164
9192992
9193153
9193570
9193946
9202303
9202737
9203641
9207897
9208783
9209141
9209415
9212165
9212827
9213867
9214109
9214166
9214254
9214550
9214966
9215036
9215194
9215371
9215842
9217055
9217323
9217642
9220692
9221774
9221942
9226977
9227875
9248952
9251912
9263598
9268727
9269603
9271317
9271368
9271430
9271947
9276866
9281512
9282577
9283127
9283370
9289601
9290095
9290774
9291206
9291287
9292434
9292534
9297671
9306976
9307945
9309863
9309883
9309964
9310891
9312059
9312646
9314737
9317571
9317855
9320511
9320976
9325439
9325680
9328034
9330176
9330486
9367953
9369493
9373607
9373855
9376777
9377612
9377674
9378598
9378988
9380397
9380842
9380858
9380935
9380996
9381211
9381332
9383412
9383506
9383794
9384671
9385212
9388670
9388765
9395696
9398999
9400307
9409722
9427518
9428215
9438264
9439362
9439897
9440291
9440580
9441207
9443437
9444246
9444321
9444592
9444955
9447090
9450423
9452003
9457095
9466430
9467408
9467549
9467632
9474767
9476721
9476909
9476936
9477085
9477801
9479558
9479653
9480332
9480657
9503712
9504042
9507531
9521046
9525692
9527237
9528123
9528791
9532596
9541956
9544554
9547432
9559432
9590698
9604086
9604419
9607336
9611163
9617463
9619146
9620116
9623031
9625612
9626359
9626701
9627017
9631833
9632371
9634786
9640252
9650955
9668205
9676198
9676211
9677829
9682168
9686666
9694716
9696785
9700627
9707829
9712775
9713851
9715865
9716370
9721111
9721182
9721807
9722398
9722735
9723304
9723506
9725069
9725155
9729149
9729609
9729643
9738233
9738628
9738873
9740398
9745504
9747991
9748134
9748538
9748782
9750687
9751022
9753866
9755486
9757005
9757011
9757560
9760514
9760832
9761628
9796421
9798208
9800543
9800724
9804574
9804963
9805065
9805190
9805636
9805739
9806034
9806166
9807595
9807774
9807866
9807970
9808050
9808129
9808763
9808843
9808933
9809722
9809902
9810097
9810144
9810692
9811249
9811458
9811729
9811800
9812464
9812490
9813190
9813320
9814569
9814633
9814726
9814766
9815506
9815707
9816273
9817226
9817439
9817524
9817636
9818642
9820220
9821972
9823998
9824333
9826113
9828666
9829488
9829982
9830647
9832020
9834067
9834105
9834321
9835208
9836549
9837090
9837268
9837288
9837408
9838281
9839020
9839850
9840069
9840119
9845659
9850936
9851978
9853487
9853593
9853963
9854241
9856790
9857592
9858090
9858827
9858850
9859985
9861212
9864302
9864362
9864798
9866422
9868772
9871869
9874294
9876241
9881432
9885256
9885846
9885972
9886520
9887122
9887687
9889573
9901682
9902051
9904004
9904773
9905338
9908335
9912278
9912840
9912925
9912972
9913352
9913539
9914266
9915039
9915239
9916586
9918167
9918395
9918521
9918658
9918799
9919020
9919128
9919406
9919595
9922188
9925752
9928830
9930026
9932593
9932612
9933181
9933734
9933786
9933812
9933972
9934034
9939326
9939374
9940217
9942241
9950977
9956438
9961608
9962494
9962847
9963003
9963552
9963696
9966330
9966446
9971202
9971578
9972279
9974853
9976369
9976451
9982153
9983956
9985023
9985170
9985595
9987099
9987649
9989796
9991456
9992089
9993471
10007187
10007264
10007319
10007394
10007448
10007648
10008112
10008349
10010952
10012592
10018563
10020580
10025034
10026715
10030470
10031752
10034886
10035605
10035676
10035749
10035828
10035890
10035966
10037140
10039779
10041345
10041451
10046453
10046952
10050340
10050433
10050555
10057862
10063505
10068789
10070220
10070933
10070971
10071697
10073211
10073361
10073405
10073533
10074564
10076970
10083773
10086398
10086537
10086664
10095759
10095840
10095895
10098296
10098601
10099865
10100935
10101403
10103852
10103946
10113458
10115107
10117222
10126932
10127900
10129273
10130807
10138570
10139749
10139766
10139874
10139880
10140006
10140007
10140015
10140071
10140138
10140156
10140260
10140276
10140301
10140309
10140362
10140486
10140595
10140737
10141041
10142904
10143564
10143610
10144029
10154913
10173314
10174071
10176183
10178265
10185076
10186489
10189820
10190452
10196753
10197345
10198374
10199392
10204503
10207852
10212818
10219046
10221232
10227946
10229546
10232616
10244674
10255328
10255337
10257405
10265512
10270569
10271984
10275283
10277696
10278140
10278521
10281422
10281936
10282378
10298254
10299885
10300617
10301145
10303033
10303294
10303309
10303397
10303404
10303435
10304604
10305071
10310658
10313313
10313631
10319363
10319967
10323092
10326539
10333876
10336648
10339000
10344144
10345308
10345438
10347360
10347432
10347841
10347951
10348217
10348711
10349979
10350491
10351079
10351544
10356271
10359054
10363057
10363888
10364441
10365265
10365289
10365399
10370797
10374062
10374100
10377500
10378298
10378487
10378533
10378806
10378826
10382555
10384705
10388665
10389451
10391136
10391267
10395777
10395951
10396357
10396409
10399035
10404944
10405198
10410922
10410991
10411059
10411131
10411182
10411247
10411985
10412289
10412490
10412724
10412757
10412836
10412852
10412931
10413191
10413212
10422156
10422298
10422431
10430391
10430594
10430950
10435607
10436025
10436077
10436142
10436314
10436454
10436922
10441742
10444590
10444738
10444946
10445050
10445059
10445544
10445866
10445899
10445942
10446117
10446358
10447559
10449214
10449470
10450875
10453033
10453090
10462323
10462577
10462717
10462941
10470844
10473474
10476834
10484365
10485693
10487846
10487922
10487998
10490662
10493332
10495658
10496617
10497140
10497463
10497777
10500411
10501045
10503017
10503547
10503786
10504161
10505592
10505661
10505729
10505791
10505848
10510305
10510791
10510823
10516520
10516692
10517190
10517354
10523349
10523931
10524766
10525011
10525240
10525530
10525731
10526953
10527957
10529796
10531710
10532531
10537263
10539068
10540975
10543364
10545279
10545623
10546727
10548220
10550043
10555057
10557448
10558334
10559444
10560135
10560301
10561235
10561282
10561330
10562533
10562586
10565273
10567846
10573286
10573824
10575787
10575870
10576285
10576414
10576499
10576699
10576708
10576849
10576961
10577156
10577194
10577400
10577889
10589088
10589236
10589365
10589477
10591312
10591399
10594575
10605590
10614986
10623707
10638150
10660044
10662350
10663455
10663557
10663821
10667690
10670055
10671308
10676170
10678784
10683602
10690624
10690713
10690770
10690834
10690887
10690971
10691027
10700551
10701371
10702864
10702987
10703041
10703374
10703431
10703503
10703760
10711919
10716158
10719839
10727829
10729674
10730569
10737202
10741615
10745333
10746252
10755264
10758979
10759134
10762464
10763326
10763402
10763499
10763565
10763611
10763627
10763769
10764280
10767287
10769414
10769693
10770110
10770167
10771470
10772007
10772254
10777727
10778507
10779048
10781641
10786104
10787156
10787765
10792380
10794469
10795818
10796735
10799533
10799973
10800072
10800142
10800551
10804083
10807505
10808425
10809729
10812996
10827094
10827961
10828483
10829223
10837824
10843226
10843627
10848837
10850414
10854890
10854975
10855081
10856212
10858517
10859348
10860968
10861132
10861749
10861958
10868759
10868985
10869168
10869217
10869405
10869470
10869531
10872230
10872311
10872842
10874422
10874481
10874919
10874959
10875326
10881828
10882173
10900741
10907184
10907374
10907489
10907519
10907686
10910646
10913132
10913262
10913471
10913931
10916800
10917774
10924415
10924774
10925171
10925775
10925876
10928456
10928642
10929109
10929683
10930022
10930052
10930496
10932869
10933393
10933883
10934194
10936483
10936623
10936933
10940241
10940604
10940924
10941460
10941944
10942769
10943323
10943934
10946893
10946960
10951399
10953078
10954870
10954998
10955267
10955368
10955384
10955628
10955715
10955948
10963935
10964034
10964149
10973004
10973113
10975972
10977077
10978154
10978542
10984596
10985870
10987439
10987611
10989306
10990042
10991789
10992539
10992609
10994303
10995695
10996651
10996829
10996949
10997038
10997088
10997095
10997207
10997283
10997345
10997427
10997533
10997701
10998885
10999249
10999392
10999663
11000311
11000808
11001051
11001108
11002428
11002627
11003196
11003754
11003788
11005182
11005767
11008950
11009410
11016220
11017078
11018173
11020148
11021347
11021793
11022008
11024898
11025792
11026587
11026764
11029516
11031451
11039036
11040671
11041803
11043513
11043963
11044278
11044321
11044970
11046650
11048938
11056990
11057946
11058168
11059086
11059363
11059560
11059687
11059783
11073351
11074319
11084210
11086113
11088383
11089055
11095383
11105835
11112315
11113202
11119810
11119989
11120367
11120828
11120879
11121073
11121108
11121975
11127364
11127837
11129472
11130102
11141860
11144407
11158941
11163738
11169021
11169502
11173246
11180801
11181108
11194800
11195225
11198439
11203585
11208776
11214228
11214588
11217188
11221230
11221911
11224557
11232699
11235573
11235862
11236377
11237582
11238116
11238242
11238372
11238391
11238406
11238552
11238734
11238738
11245153
11248483
11249053
11250394
11250828
11257680
11259110
11260675
11260717
11260889
11260974
11261062
11261263
11261301
11265717
11265817
11265862
11265871
11265932
11265990
11266011
11269808
11271459
11275277
11285953
11286519
11293816
11294027
11299098
11301671
11303878
11310933
11316366
11317637
11321242
11323305
11331441
11331753
11332824
11334006
11334515
11338528
11347507
11353938
11355876
11356597
11361249
11362174
11363682
11374423
11379138
11379726
11381619
11386763
11387567
11397718
11405070
11411483
11411780
11419671
11429762
11435871
11440872
11442133
11443777
11451264
11454046
11455566
11459417
11459735
11464520
11464605
11480669
11482329
11483413
11492362
11498065
11498404
11502663
11509869
11513068
11515521
11516843
11522452
11523305
11523418
11526818
11527940
11531216
11531929
11532105
11533377
11533814
11534440
11534762
11536362
11536432
11536505
11536734
11536755
11536914
11537057
11539887
11540237
11540358
11541181
11542996
11545071
11545527
11545674
11545781
11545801
11549079
11567237
11570198
11572835
11585092
11585268
11588100
11589096
11589714
11589872
11591072
11592272
11592938
11593130
11593384
11593549
11593885
11594943
11599614
11601591
11601669
11601721
11601749
11601754
11601811
11601906
11601982
11602037
11602053
11602258
11602302
11602391
11605124
11605263
11605342
11605867
11606535
11611207
11611414
11612383
11613660
11614100
11614151
11614184
11614352
11614884
11615079
11615359
11615507
11616216
11616762
11618200
11619253
11619342
11619492
11619745
11620161
11620541
11623631
11624187
11624208
11624901
11625788
11626455
11627053
11627289
11631028
11631489
11631851
11632968
11633984
11635039
11635575
11639197
11639469
11640313
11640406
11640626
11640952
11641224
11642712
11643940
11647014
11647037
11648664
11649026
11649232
11650017
11650353
11652630
11653517
11653585
11653856
11654018
11654669
11655036
11656235
11657865
11658186
11658229
11659289
11659395
11659486
11659995
11660208
11660722
11662036
11662432
11662678
11665057
11671241
11671758
11671826
11671916
11672119
11674213
11674581
11674673
11677712
11677777
11678379
11685845
11687111
11687155
11689285
11691902
11692105
11692356
11692442
11692519
11692705
11692714
11692756
11692820
11696504
11699414
11699633
11701461
11702582
11705609
11705973
11708217
11710299
11711761
11712103
11712109
11712737
11712865
11713115
11713715
11715173
11715542
11715980
11717257
11717658
11728533
11730829
11731488
11731887
11739270
11739845
11741225
11745993
11748199
11748429
11748605
11748682
11748829
11749056
11749079
11749394
11749653
11750743
11751920
11752027
11752349
11753503
11754798
11761032
11761987
11762296
11765187
11765612
11765678
11765732
11766426
11766822
11766958
11768484
11770077
11770739
11770854
11771940
11773168
11774167
11775146
11778132
11780315
11780558
11783258
11783571
11783759
11784228
11786313
11786819
11787063
11787421
11789321
11791541
11793026
11794983
11797386
11797660
11797679
11797801
11799717
11800498
11800508
11801713
11801916
11802113
11802133
11802167
11805853
11809284
11812312
11812386
11812937
11813046
11813203
11813212
11817157
11817160
11817220
11817281
11817343
11817485
11819420
11820062
11820751
11821179
11822108
11822811
11824509
11824967
11825164
11825795
11826059
11830343
11831668
11832688
11832808
11834612
11836851
11837315
11840901
11841841
11843532
11847847
11848486
11848628
11848965
11850350
11851184
11851248
11851902
11853016
11853079
11853227
11856916
11857630
11857760
11858437
11858559
11858612
11858648
11858694
11858992
11860038
11860128
11860456
11860759
11861312
11861700
11862907
11864840
11865207
11865250
11866694
11871373
11871612
11871823
11875684
11878894
11882422
11895089
11895805
11895830
11895882
11895952
11897871
11899551
11899699
11899778
11899833
11899890
11899952
11900661
11907833
11921624
11927988
11928566
11929095
11932557
11947196
11976098
11992767
11998575
12009012
12015997
12016953
12017117
12017215
12017316
12017606
12017692
12017774
12017888
12017925
12018103
12018954
12020007
12020162
12020512
12022116
12022453
12022601
12022858
12025857
12025907
12028691
12028901
12029110
12031413
12031520
12031963
12033754
12036214
12036348
12038677
12038809
12038901
12039000
12041422
12041546
12041676
12041782
12041884
12042089
12042173
12042410
12043927
12044492
12045332
12045470
12046211
12046826
12047368
12047563
12052183
