1
132
2030
2583
4367
4468
5494
5889
8401
8650
11413
16044
16540
17128
17243
18255
18438
18677
19687
20447
20533
25001
30609
31509
35148
37784
40632
41334
41652
45845
46947
48661
50763
51923
53410
54139
55263
55937
56445
56756
57904
58126
58289
59416
61750
69576
71442
74476
77949
79283
80445
80879
82454
82809
82975
84819
85169
85749
86725
96304
97410
100185
102556
103018
108145
110037
114730
116495
117401
118201
118695
119245
121139
121449
121617
124958
127872
128838
128862
129578
131068
134695
141404
142783
143316
143984
145042
152485
152722
153180
153588
154984
155371
155615
155864
156300
157116
157926
160613
161839
162780
163992
164979
167009
167425
167567
167956
170115
175372
175404
175524
180447
184948
184979
185709
186137
191257
195224
195249
195714
196069
198897
199378
200191
201597
201779
202257
202684
203447
203960
205318
210708
216494
217325
218482
218912
219465
220551
221992
224924
228564
229522
230139
231638
232594
234840
235743
239221
239530
240668
240766
240946
241188
246824
248538
251403
252461
254363
258645
258921
262218
262790
264225
265953
270369
272064
276357
276830
278598
278732
281966
284065
284479
285144
285185
288116
289806
299294
305525
306871
314188
315335
317999
323360
323627
332338
338193
338924
339139
341553
344014
345092
350253
350782
352223
352617
352743
354590
354846
354892
355228
355322
355905
356679
356912
357450
358710
359629
360216
360369
362106
362349
362633
362925
364690
364961
366650
366755
367995
368561
369094
369113
371771
373301
375996
380601
382320
383113
385150
386094
389388
390518
393059
404570
406716
408258
409782
410854
412156
416510
418054
420926
421056
423742
428368
428421
434225
436943
441546
441943
453389
455260
456632
459536
463780
464507
468909
476441
477057
480362
482950
483123
483590
487152
488560
497524
498624
498727
498776
498895
499027
499441
501499
504921
505179
505321
505652
505765
506170
506255
506514
507149
507740
508041
508541
509820
510107
510579
510659
511325
511737
512336
512377
512464
512556
512937
513015
513171
513694
514174
514574
514711
514923
515744
515950
516583
517161
517362
517519
518132
519971
520219
521078
521574
522245
522933
523107
524102
525860
525937
526068
526658
527355
527890
528196
529528
529626
530392
530550
531011
531973
532108
532402
532666
532902
533657
533873
534387
535081
536383
538100
539709
542121
542260
542311
542372
543441
545370
546526
546811
547284
547497
549036
549900
550563
550980
554964
555233
556236
557203
557334
557943
558948
559080
562111
562276
563086
564611
564826
565571
565941
566391
568155
569599
570097
570721
571181
571562
571654
573531
573651
574338
575854
576004
577569
577711
578218
579450
579868
580779
582035
582445
582569
582799
582839
583605
583778
585400
586893
588493
589486
590986
591114
591391
591522
591588
593627
593699
594136
594534
594648
596009
596513
597700
598288
598863
601452
601795
603222
603343
605648
605811
606368
606409
608762
609519
610127
610577
612061
612821
612870
613061
613445
614117
614189
614822
617963
618844
624218
630512
631168
632711
635903
637945
639668
640176
641988
642668
644081
645494
651678
655456
661267
665592
666561
668086
671075
671570
673383
673565
674773
675683
675702
676667
676736
676784
677467
678957
679394
681624
681725
683180
684063
684301
685499
686991
688562
688804
689637
693969
700819
701105
705512
705888
709589
710408
711147
711241
719757
729454
733153
739622
740479
743407
745656
745770
747519
748572
748701
748792
750015
750412
750584
753466
755890
757967
760135
764669
765502
765721
767350
774316
774354
775395
775406
775958
776132
776711
776886
777716
778213
780143
780480
780710
780914
781229
783650
787458
787804
801164
801725
802087
803725
809528
809911
812499
812516
815337
818597
818742
821835
825919
826967
828887
829082
829326
831602
831846
834318
834400
834567
834722
835310
840642
841621
843199
843235
844662
849282
849312
852149
852196
853407
855189
858497
873561
873846
881517
888735
896358
897795
899049
900937
903547
910426
910654
911075
915834
917003
918337
920396
920593
928368
928593
928611
932955
936036
936239
936525
937717
938164
938228
939919
940000
942493
946616
947302
948217
948238
949768
949889
950030
950456
950558
950857
952206
952659
952764
952876
954940
955723
955850
956606
956658
957112
959147
959448
959605
959874
965953
966058
966382
969189
971559
971842
972035
973680
973740
973824
973905
979732
981139
981252
981320
981712
981805
981905
982922
983355
984460
985304
986733
986812
986946
987074
987224
987447
987875
988860
989070
989284
989488
990615
990725
992135
992199
993090
993283
993354
993386
993748
993874
994826
994909
995263
995533
995587
995791
995883
996938
997439
998697
999350
999537
1000103
1001009
1001737
1002724
1002912
1003293
1003470
1003829
1003878
1004554
1005344
1005494
1005640
1009785
1009853
1011149
1012324
1012605
1015406
1016922
1017268
1017385
1017607
1017910
1018348
1020777
1020870
1022478
1022663
1023985
1025016
1025335
1025584
1027032
1027665
1030236
1030733
1030901
1031710
1033042
1033973
1034017
1036033
1036556
1036641
1036690
1038113
1038266
1038292
1038607
1038948
1039054
1039182
1040130
1041442
1042061
1042450
1042547
1043786
1044042
1045044
1045338
1047526
1049316
1049688
1051255
1052708
1052846
1053076
1054181
1054338
1058217
1058288
1058371
1059799
1060813
1063666
1065485
1069057
1072358
1072506
1072605
1072735
1072776
1072826
1072927
1074987
1078300
1080143
1080795
1081033
1083646
1085924
1086057
1086578
1087073
1087125
1088045
1088236
1088326
1089218
1089543
1090322
1092323
1092560
1093695
1093773
1094626
1097500
1098471
1098782
1099694
1100232
1100619
1102106
1102241
1102930
1104722
1107210
1107940
1108657
1109844
1110253
1110418
1115717
1116569
1116588
1117509
1118638
1119299
1121361
1125117
1126328
1128363
1128547
1128571
1128693
1128711
1134068
1134382
1134585
1135474
1136877
1137344
1139850
1140282
1140392
1140610
1140720
1141630
1143526
1144788
1147097
1150225
1151296
1151350
1154716
1156412
1157746
1165539
1166063
1169271
1169423
1170578
1171092
1172841
1174313
1174613
1174687
1176086
1177817
1177944
1177973
1178121
1178209
1178324
1178566
1178632
1179430
1179524
1181613
1189187
1191230
1191975
1192374
1192888
1193639
1193712
1193752
1194787
1194820
1196015
1196662
1197300
1197572
1197654
1197755
1197834
1198869
1199255
1199562
1199750
1200313
1201059
1201065
1201118
1201220
1202003
1202013
1202050
1202524
1203905
1205357
1207213
1209578
1211241
1212305
1212414
1212604
1212841
1212952
1214467
1215737
1218242
1221122
1221175
1221549
1223874
1224586
1226931
1229684
1229821
1231285
1232325
1234415
1234535
1235470
1237883
1238339
1238435
1241731
1241823
1242179
1243637
1245749
1246133
1247393
1252090
1252238
1257231
1257403
1259393
1261586
1261877
1267970
1268103
1269636
1269764
1269891
1270009
1270145
1270607
1270783
1271333
1271808
1273848
1274124
1274171
1274241
1275200
1276165
1276933
1277577
1278175
1279709
1280370
1281364
1281530
1283234
1283378
1283966
1284067
1284384
1285611
1285629
1285678
1285796
1286350
1286908
1287599
1287895
1288183
1289014
1290142
1290760
1290887
1295301
1297152
1299914
1301566
1310938
1312794
1314654
1319296
1326374
1344935
1346744
1353756
1354324
1355031
1355152
1355957
1360983
1363481
1363806
1364439
1367396
1371492
1371590
1371881
1372459
1373000
1376538
1381658
1382322
1384093
1384696
1386075
1389171
1392832
1393296
1393391
1393845
1408453
1416918
1419500
1421277
1421545
1423736
1423836
1423897
1424280
1424590
1425070
1426001
1427508
1429014
1429863
1430656
1430927
1433730
1433823
1433992
1434896
1435023
1435290
1435508
1437098
1438359
1438720
1439371
1441759
1442567
1443548
1443897
1444015
1444112
1444959
1445069
1446080
1447827
1448106
1448781
1449218
1453720
1454171
1456663
1457771
1457866
1458288
1462885
1463606
1468876
1471939
1487696
1501139
1501830
1509543
1514856
1524383
1524474
1527111
1529950
1536247
1540402
1542461
1542681
1544767
1551440
1551781
1556859
1556999
1558318
1558447
1558709
1559439
1560985
1561304
1561455
1562794
1563879
1565151
1565497
1566387
1569290
1570165
1574494
1580029
1580044
1580204
1580793
1583978
1585165
1587111
1587560
1594127
1599973
1604928
1605890
1606973
1609302
1610743
1617498
1618598
1620046
1622198
1622664
1622793
1623023
1624624
1624858
1626775
1634136
1636297
1639208
1646517
1654767
1660800
1660967
1669666
1671969
1673016
1675959
1677681
1680654
1683807
1684057
1684408
1688086
1690104
1690145
1691476
1691514
1691741
1692027
1693562
1695434
1696688
1696838
1697644
1699537
1700875
1703535
1705477
1707045
1710539
1710717
1711534
1713322
1713828
1722957
1724864
1725600
1727746
1740153
1741177
1742100
1745819
1749931
1750762
1754567
1756475
1756605
1756796
1762351
1762598
1769257
1771421
1771528
1773188
1773556
1777136
1777473
1780612
1781029
1781360
1782353
1782985
1783538
1783677
1784377
1785908
1786128
1787263
1788284
1788656
1791211
1791241
1792765
1793184
1800835
1802397
1811057
1813287
1815321
1815397
1815405
1817342
1818918
1819289
1819595
1824703
1824834
1825178
1827256
1842733
1842927
1843283
1843396
1843658
1845648
1845931
1846041
1846364
1850574
1851647
1871560
1877573
1877607
1877768
1879494
1881210
1888254
1893392
1894069
1895713
1896402
1896651
1907887
1909195
1910548
1911461
1913431
1913538
1915100
1917031
1924781
1927298
1930179
1931201
1934382
1939596
1939785
1940913
1941586
1945376
1945898
1947918
1948769
1949564
1950320
1950973
1951192
1952507
1955226
1956671
1956785
1959134
1959444
1959688
1960776
1961759
1962561
1963054
1963899
1964057
1964170
1964369
1964524
1965681
1965837
1966052
1967478
1967553
1967733
1967819
1969223
1969455
1969741
1971182
1971231
1971430
1971858
1973206
1974003
1976398
1985935
1986724
1990170
1990963
1991112
1992238
1992508
1992764
1993062
1993820
2001325
2002545
2014973
2017379
2020519
2025361
2027517
2028292
2031896
2032575
2033047
2037088
2037175
2039001
2041162
2041651
2048417
2049073
2053123
2054843
2057562
2059938
2061788
2063563
2063851
2065827
2067284
2067634
2067884
2068087
2070238
2070276
2070413
2071868
2073587
2078344
2078664
2080050
2080073
2080301
2081771
2085211
2086398
2087941
2088379
2088530
2088925
2088961
2089144
2096215
2124372
2132222
2132415
2138748
2141065
2144228
2144679
2144965
2145095
2145649
2146358
2146573
2147995
2149788
2151288
2154150
2155520
2158168
2158458
2161913
2162619
2162919
2164208
2164608
2165006
2165436
2168287
2168700
2169505
2170054
2170637
2171262
2171356
2171668
2174127
2178699
2180414
2182744
2185135
2186842
2187010
2192018
2193670
2194981
2196927
2197083
2197653
2199090
2201507
2202166
2202448
2203599
2206609
2209756
2212172
2213204
2214191
2221913
2222003
2222232
2228838
2229227
2229358
2229676
2231230
2233655
2236698
2237694
2237847
2242689
2247228
2247851
2249167
2249235
2249673
2252504
2252578
2252682
2254308
2254428
2260546
2268983
2270687
2273414
2273613
2275718
2276697
2276839
2278036
2279061
2279155
2279998
2281291
2281328
2281839
2281870
2282355
2283594
2284913
2285084
2286142
2286460
2288055
2288148
2288951
2291620
2291703
2294833
2295417
2297274
2298505
2298605
2300878
2301140
2304134
2304869
2304894
2305024
2305072
2307207
2307230
2307361
2307598
2308969
2309062
2312355
2313690
2313808
2314359
2314574
2314682
2314770
2314910
2315373
2316489
2318897
2319162
2321277
2322624
2326907
2327098
2327777
2328266
2329762
2329776
2333164
2338731
2338804
2339630
2340872
2341021
2342688
2342789
2345036
2345901
2346165
2347690
2347938
2348357
2350482
2354657
2354781
2354946
2355234
2356829
2357135
2360160
2360664
2361146
2362807
2365932
2366072
2366491
2366912
2367438
2368210
2368266
2368814
2369956
2371556
2371951
2372316
2372607
2372827
2373507
2373544
2373588
2374133
2375868
2376364
2379146
2380330
2381001
2381430
2382771
2383570
2388235
2390832
2392393
2393115
2393442
2394101
2394192
2394814
2396811
2397486
2397641
2399524
2399679
2401164
2401233
2401301
2401962
2403239
2403319
2403856
2404125
2407211
2410514
2412821
2412921
2413977
2415630
2415732
2416563
2417598
2418043
2420041
2421946
2422098
2422214
2423128
2423397
2423888
2425151
2425238
2425849
2426290
2428097
2428416
2428475
2431667
2431770
2432379
2433724
2433842
2434116
2434381
2435506
2435535
2436288
2436440
2437222
2437869
2437996
2438305
2438565
2440470
2441031
2441181
2441222
2444540
2445472
2447436
2448133
2454200
2454921
2457865
2459517
2460344
2463129
2465835
2465956
2466390
2467112
2467575
2470029
2471557
2475029
2477668
2479740
2480275
2482824
2483018
2483784
2484790
2487489
2487729
2488368
2488573
2489174
2489210
2489292
2489715
2489812
2489865
2489904
2491319
2491688
2491841
2491911
2492047
2493551
2496509
2498232
2498425
2504777
2506753
2508326
2508683
2510346
2515327
2520464
2522349
2523124
2538231
2541483
2543485
2543664
2545301
2550034
2550156
2551250
2551334
2552200
2552440
2552520
2553999
2554178
2554527
2554750
2554849
2555496
2557760
2560465
2561944
2566258
2566884
2567129
2567296
2568160
2568541
2569112
2569270
2572277
2578347
2585988
2587011
2588514
2589113
2590780
2591445
2592259
2592513
2592556
2595403
2597498
2597870
2598645
2600273
2600584
2601367
2601659
2601951
2604757
2604814
2605088
2605282
2606898
2612590
2613922
2614779
2615931
2616863
2618255
2620397
2620653
2621089
2621847
2624059
2626240
2627121
2627254
2627545
2628486
2630204
2630715
2630882
2631005
2631191
2632331
2635500
2635582
2635672
2635684
2638969
2645340
2645427
2648142
2649798
2649959
2651392
2651463
2652295
2652624
2653385
2653778
2655252
2659857
2662486
2663233
2665147
2668881
2669132
2671118
2678557
2683280
2683926
2687319
2694660
2694784
2696594
2697352
2698420
2699467
2699843
2699852
2700667
2702436
2706283
2706368
2707122
2707171
2708321
2710188
2710543
2710957
2711499
2713543
2713736
2714041
2714189
2718326
2718410
2718864
2718971
2719011
2719525
2720311
2720334
2722547
2722623
2723182
2723846
2723925
2724519
2724551
2725149
2725342
2726478
2728070
2728518
2729375
2730826
2731260
2731344
2731446
2733307
2733396
2733516
2733608
2735491
2735570
2735657
2736163
2736783
2736985
2739561
2740803
2741532
2741766
2744713
2746612
2746799
2747227
2747469
2747761
2748703
2748940
2749231
2749476
2751061
2751527
2751624
2753211
2753871
2756828
2757444
2757944
2759078
2760348
2760850
2760933
2762551
2762585
2763001
2763227
2763242
2763751
2764508
2764673
2764719
2764884
2765109
2769779
2769988
2773218
2774132
2775663
2775814
2776311
2778026
2778152
2780366
2783773
2783804
2783989
2784941
2786253
2786788
2789633
2793849
2795251
2795326
2795741
2808133
2812341
2813897
2817169
2818578
2818734
2820771
2823046
2823918
2824508
2827817
2827965
2828793
2829225
2829687
2829949
2830053
2830369
2830791
2834646
2834723
2835985
2837080
2843391
2845233
2847151
2847216
2847498
2849800
2851674
2852295
2854272
2855481
2856862
2857426
2860333
2862074
2863774
2864780
2864827
2865471
2866244
2871306
2872704
2872877
2874006
2875731
2875824
2876653
2876906
2877048
2877929
2881729
2884150
2884568
2885818
2887126
2887285
2887371
2887812
2890027
2890380
2890493
2892142
2892318
2893222
2893469
2894667
2896411
2896546
2897551
2898494
2900875
2901558
2903122
2903290
2906687
2921784
2924114
2924467
2928508
2929457
2931143
2931686
2931762
2933811
2933904
2933990
2934355
2934561
2936008
2936095
2936266
2937104
2938508
2940425
2946815
2947497
2949476
2949910
2949982
2950465
2950497
2950619
2952527
2953987
2954753
2955070
2955242
2956630
2957077
2958762
2959814
2961071
2964185
2978143
2978566
2978881
2979741
2980184
2980766
2982307
2986578
2988095
2988622
2993552
2995679
2995879
2999414
3004198
3005311
3006070
3006650
3007479
3010158
3012472
3013485
3013591
3014047
3014781
3015994
3017248
3019828
3020155
3020892
3021753
3022050
3022194
3022201
3022906
3024736
3024770
3025283
3026969
3028406
3028528
3030451
3030917
3030991
3031110
3031241
3031418
3031853
3032584
3033970
3035025
3035106
3035467
3035613
3036318
3036387
3037457
3037700
3037918
3038547
3040391
3040616
3040638
3042042
3042115
3042997
3044230
3044342
3044464
3045399
3048212
3048320
3050219
3051705
3052152
3053508
3055667
3056438
3057905
3057996
3058024
3058055
3059209
3060220
3060812
3061006
3063492
3064223
3064446
3064677
3064902
3065097
3066191
3067650
3068011
3068101
3070093
3070174
3070303
3072805
3073011
3078232
3078542
3083338
3084912
3085890
3086511
3088528
3088808
3088877
3089074
3090407
3090724
3090957
3091467
3092383
3092473
3094820
3094884
3096176
3097389
3097445
3097614
3098706
3098797
3099070
3099185
3099239
3101066
3101695
3103129
3103210
3103698
3105146
3105695
3107237
3108339
3109064
3109271
3110714
3113007
3113205
3116702
3119125
3121365
3121899
3122952
3124052
3124192
3124322
3124357
3124497
3124657
3124734
3126380
3126829
3127899
3128709
3129608
3130575
3130729
3131240
3131283
3131409
3134490
3135996
3136396
3136493
3139637
3139875
3142252
3142347
3145141
3146864
3147640
3148907
3149164
3151792
3153580
3163371
3164495
3174677
3175109
3177035
3177814
3177837
3178358
3178622
3179047
3180305
3182125
3182427
3183428
3184943
3186827
3187420
3188293
3188906
3188985
3189233
3189426
3190679
3190768
3192454
3193562
3195403
3195693
3195696
3197804
3198311
3198735
3199671
3202686
3203785
3206746
3213631
3215295
3215340
3217637
3217899
3218168
3220068
3221330
3222524
3223735
3224087
3224681
3224737
3225484
3226114
3227781
3227840
3228150
3228930
3229833
3233480
3235025
3235149
3238183
3238531
3238875
3239552
3240159
3249192
3249457
3251789
3252861
3253927
3255267
3255373
3255626
3255753
3257203
3259062
3260285
3260436
3260563
3265516
3266230
3272243
3275003
3275522
3279520
3284410
3290424
3293603
3300145
3303411
3308016
3314598
3314867
3314987
3316860
3316939
3317256
3319525
3319573
3319585
3319813
3319850
3321906
3324077
3324283
3324372
3324851
3325096
3325811
3326553
3326978
3327154
3327450
3329580
3330107
3330129
3330229
3331369
3331871
3332053
3332208
3332262
3332914
3333105
3333803
3334798
3335768
3336361
3337153
3338435
3338655
3339179
3340697
3340949
3341093
3342137
3347074
3350850
3350951
3351168
3351272
3351715
3352668
3352919
3353089
3353760
3353930
3354946
3355182
3355369
3355819
3356085
3357053
3357580
3358065
3358143
3358559
3358865
3358959
3360348
3360941
3360982
3362749
3363042
3364127
3365575
3366164
3368023
3374754
3375644
3375707
3376652
3378750
3378838
3378954
3379667
3380349
3380802
3380839
3380909
3381094
3381491
3382442
3382684
3382736
3386604
3386780
3386798
3388136
3388867
3389015
3389436
3390439
3391040
3391184
3391372
3391460
3393516
3394083
3395571
3396824
3396961
3398461
3398472
3399075
3399606
3400647
3401194
3403099
3404279
3406000
3406703
3407136
3407282
3407419
3408260
3408306
3408313
3408425
3408743
3408806
3408827
3409432
3410367
3410934
3413567
3413817
3415282
3417648
3418375
3418725
3420611
3420755
3420905
3421634
3421945
3423108
3423848
3424922
3425136
3427296
3427415
3428696
3429565
3429835
3432423
3432555
3433595
3433843
3434034
3434496
3434542
3434646
3434740
3434797
3435140
3436876
3437001
3437015
3438404
3441291
3441793
3446303
3448431
3450915
3453355
3458059
3460824
3460972
3461339
3461484
3461664
3462642
3462713
3462722
3463719
3463949
3466163
3466334
3467269
3469779
3471051
3471644
3471717
3471743
3471922
3475205
3475678
3476111
3478961
3479966
3482006
3485522
3485828
3486707
3486899
3489436
3491672
3494137
3495195
3495442
3500436
3500469
3500559
3501210
3501662
3501826
3506083
3506706
3508679
3510299
3510448
3516635
3517949
3519039
3519268
3520210
3523208
3523273
3523670
3524119
3525200
3527580
3527702
3528282
3530497
3534031
3534624
3538724
3539297
3541554
3542105
3543761
3543781
3543869
3544224
3544290
3545354
3545940
3547454
3547553
3547897
3549833
3550035
3551105
3551585
3552072
3552253
3558682
3558827
3563809
3563902
3564050
3577829
3580627
3587743
3588130
3590358
3590500
3590899
3592031
3592054
3592092
3593068
3593182
3593561
3597453
3597611
3598496
3602004
3603945
3604490
3606110
3606224
3607124
3607290
3608840
3608986
3609225
3609917
3610793
3611531
3613535
3614278
3614659
3618208
3618647
3618825
3619441
3621596
3623628
3624164
3628420
3630913
3632698
3635615
3635812
3636910
3638017
3642989
3643036
3643208
3649646
3649658
3650361
3650810
3651709
3653431
3653511
3653659
3653944
3655090
3658978
3659012
3659100
3660770
3664123
3665713
3666694
3668535
3669941
3669983
3671668
3675135
3675250
3682820
3684177
3688725
3688766
3688849
3689032
3690705
3691801
3693499
3693585
3695590
3697106
3697390
3697462
3698162
3698262
3699116
3699180
3699219
3699642
3699730
3699828
3700106
3700511
3700553
3703211
3703427
3703504
3709972
3710118
3713284
3713391
3714297
3714878
3715223
3715586
3717456
3717463
3720142
3720332
3720650
3724841
3727822
3731270
3734771
3741249
3745227
3748993
3750754
3750862
3753886
3758339
3760906
3760932
3767491
3767566
3771332
3771689
3771957
3775562
3775628
3781178
3782309
3783035
3783407
3783930
3784415
3785302
3785574
3785719
3785855
3788577
3788599
3788716
3790651
3790793
3791501
3793013
3793499
3795289
3799429
3801138
3801278
3802033
3802268
3802476
3803742
3803905
3806179
3806552
3808438
3808458
3809693
3809702
3809829
3810507
3811077
3812420
3812541
3812552
3813203
3813697
3814226
3815226
3815697
3817743
3817766
3818252
3818401
3819945
3819976
3820019
3820358
3820632
3822770
3823579
3824994
3825296
3826350
3826514
3826851
3827212
3827401
3827525
3828969
3829077
3830225
3832119
3834871
3834994
3835434
3836932
3837178
3840064
3841340
3841440
3842976
3843857
3844173
3852700
3853749
3855878
3856294
3856767
3858250
3859611
3859655
3862134
3864092
3866314
3867771
3867823
3868554
3869052
3869991
3870499
3871206
3873985
3874158
3875266
3875551
3877808
3877820
3887887
3890866
3891538
3896728
3896757
3896998
3897026
3897573
3902696
3903106
3903210
3904746
3905859
3905908
3905987
3906194
3906573
3908818
3909089
3909258
3917093
3917789
3918096
3919675
3922572
3922672
3922759
3923732
3925245
3925454
3926017
3926099
3927642
3927981
3928439
3930870
3931392
3933332
3933919
3935575
3936327
3939790
3939885
3940088
3942258
3944172
3944252
3946090
3946264
3949281
3952082
3956506
3956584
3960950
3961057
3964609
3965083
3966112
3966578
3967326
3969339
3969594
3969746
3969787
3972524
3973973
3974180
3975781
3975824
3975884
3975953
3976060
3976311
3976412
3978025
3978050
3979066
3979435
3980335
3980563
3983677
3983767
3984725
3986357
3986827
3986975
3986985
3987170
3987423
3989190
3989633
3990073
3990206
3990229
3991689
3994103
3994318
3994502
3994662
3994926
3995623
3995792
3996807
3997008
4000017
4000091
4001896
4003219
4004582
4005431
4005546
4005959
4008600
4009834
4012230
4013338
4016764
4017638
4018341
4018433
4018893
4019108
4019238
4022455
4022922
4024814
4026205
4026582
4027053
4028357
4028425
4028556
4028979
4029136
4029636
4031868
4031952
4032276
4033913
4035083
4037726
4038201
4040272
4042249
4042908
4044065
4045177
4045374
4047046
4047578
4047874
4048197
4049064
4051818
4053321
4053498
4055539
4056618
4056930
4059873
4060172
4065011
4067630
4074632
4076606
4092493
4096321
4104224
4107278
4108361
4108765
4108805
4109245
4109921
4110245
4111807
4112153
4112184
4112311
4112497
4113025
4113843
4114468
4114832
4115394
4116108
4116137
4117063
4117996
4119902
4120052
4120399
4121495
4123260
4123385
4124256
4124552
4124797
4124884
4125926
4126037
4126637
4127240
4127304
4127637
4127718
4128915
4129541
4129626
4130736
4130932
4131464
4131594
4131916
4133025
4133091
4133117
4134507
4134671
4134690
4138193
4140914
4143282
4143315
4143720
4144762
4145402
4146313
4146560
4147957
4150124
4151724
4152196
4152289
4152628
4152854
4154342
4154375
4154994
4156370
4156610
4156779
4163831
4163934
4165056
4167533
4167898
4168125
4169959
4170230
4170460
4170988
4172903
4176139
4176378
4176488
4176794
4178101
4178730
4178774
4179072
4179163
4181221
4182338
4183074
4184225
4187831
4188094
4190731
4191367
4192041
4192283
4194401
4198085
4199096
4199732
4200335
4200993
4201520
4203369
4203422
4208605
4208640
4208689
4208786
4208804
4208830
4208993
4209237
4210862
4213181
4216334
4218878
4219311
4219805
4222959
4223009
4223237
4223569
4224816
4225269
4225888
4227648
4227695
4229167
4229243
4229298
4229736
4230086
4230182
4232904
4233207
4234874
4235633
4236934
4237250
4237700
4238536
4240224
4242776
4244898
4245089
4247225
4249617
4249886
4256368
4256713
4256988
4262328
4264458
4265140
4265421
4269435
4269529
4269826
4269901
4269943
4273218
4274230
4275276
4279900
4289058
4294173
4302897
4304058
4304320
4305301
4305563
4307188
4308760
4308769
4315607
4318553
4318727
4328965
4329090
4329505
4335932
4340379
4343682
4344228
4346258
4346504
4349170
4349765
4351191
4353375
4353753
4355368
4356148
4358922
4360616
4363344
4365979
4367046
4369892
4374091
4374251
4374269
4376698
4377890
4378005
4378591
4381187
4381402
4381992
4382314
4383967
4384088
4385852
4386039
4386334
4390716
4392505
4397193
4397262
4397934
4399139
4399351
4399670
4399959
4400362
4400462
4401177
4402040
4402379
4402423
4402603
4402649
4402716
4402981
4403197
4404228
4406021
4406317
4406498
4407726
4409235
4409314
4410407
4411177
4412534
4414126
4419851
4421789
4421966
4423226
4424551
4424632
4424720
4425247
4425695
4426298
4429386
4429592
4433089
4433682
4436138
4436252
4439139
4439795
4440285
4440524
4440810
4441018
4442351
4442676
4442884
4442957
4443848
4445944
4447840
4447852
4449239
4449385
4449405
4450713
4452196
4453681
4454427
4455595
4456266
4458137
4462626
4462964
4465078
4465311
4467278
4467358
4467398
4471357
4472721
4475669
4479917
4479962
4480140
4480452
4481744
4484627
4487452
4487500
4492557
4492660
4496818
4499236
4499936
4500027
4500168
4500290
4500377
4502972
4503235
4504129
4506716
4507184
4508911
4509465
4513154
4515414
4523005
4523938
4524544
4529799
4530258
4530911
4532026
4532681
4534525
4534564
4534725
4536672
4537076
4537955
4538405
4541177
4542149
4544049
4547380
4550504
4552182
4552329
4554112
4554989
4555064
4555145
4555256
4555341
4555573
4555683
4557557
4557664
4557741
4557867
4559904
4561546
4562668
4562856
4567027
4570349
4570535
4570659
4571279
4571416
4571725
4573983
4574153
4574573
4576011
4576590
4578215
4578232
4578623
4578776
4580856
4582094
4583942
4583957
4584018
4584598
4585003
4585630
4586420
4586978
4587121
4587765
4587952
4588086
4588182
4588949
4589309
4589687
4589877
4590543
4590629
4590732
4591923
4592764
4595080
4595449
4596060
4597937
4598410
4599692
4602278
4603540
4609937
4610244
4612879
4613326
4613424
4622753
4623642
4623821
4624046
4628101
4636175
4636728
4640090
4641649
4645739
4647720
4648300
4648340
4650314
4650414
4650484
4652127
4652378
4652694
4653004
4654439
4654577
4654658
4654704
4655425
4656850
4656935
4657576
4657885
4658019
4658461
4659047
4659346
4660486
4661099
4663600
4664494
4664543
4664609
4664903
4665383
4665641
4667944
4668541
4668590
4668769
4670094
4670256
4670446
4670764
4670824
4671361
4671370
4673139
4673269
4673411
4673816
4674230
4675779
4675849
4675940
4676457
4677026
4677077
4677735
4678661
4678860
4679120
4679412
4679696
4681453
4681763
4682028
4683479
4683727
4684033
4685331
4685808
4686216
4687382
4690165
4692480
4694076
4695021
4695042
4695319
4699349
4699979
4700627
4700641
4700948
4703024
4703083
4705886
4706910
4708702
4711680
4713027
4713210
4713511
4713549
4713685
4717398
4717618
4717632
4721780
4724771
4725270
4725936
4725955
4726607
4726694
4728713
4728831
4729203
4729311
4729600
4730134
4730530
4730615
4732473
4733251
4733298
4734429
4735766
4736151
4738192
4738289
4738393
4739870
4741371
4742283
4742836
4744075
4744174
4744439
4745143
4745225
4747496
4748309
4748391
4748520
4748714
4749990
4750053
4751429
4751457
4752253
4753427
4754290
4754506
4755985
4756082
4757982
4758062
4758410
4760160
4760295
4762469
4762546
4765051
4771309
4771477
4773517
4773541
4775839
4775867
4776033
4776662
4778246
4779174
4785045
4785247
4785607
4786735
4787620
4790600
4790642
4792061
4794490
4795033
4795706
4798641
4798737
4800379
4800912
4800923
4801211
4801262
4801383
4804161
4804216
4804825
4807360
4807423
4807489
4810080
4812525
4812633
4812925
4819229
4819420
4819666
4832740
4833119
4833299
4843129
4845234
4848385
4848542
4850667
4850809
4851145
4852562
4852974
4856989
4857182
4858803
4859804
4860490
4860558
4861611
4862108
4862290
4862698
4862907
4863996
4864365
4865670
4865881
4866161
4866285
4866522
4867712
4867841
4868268
4868402
4870223
4870582
4873838
4878282
4878510
4878844
4879726
4880334
4881119
4892529
4895541
4895585
4896222
4897334
4899429
4900324
4900936
4901085
4907966
4910298
4912918
4913359
4914490
4918094
4919286
4924149
4925410
4925505
4925569
4925929
4925945
4926338
4927708
4928295
4928454
4929033
4930372
4930691
4932672
4935767
4937735
4938736
4938846
4938967
4939818
4939877
4941915
4944312
4944441
4946347
4946416
4947282
4948433
4948964
4949317
4954446
4954669
4955528
4956183
4956209
4956346
4957916
4958011
4958745
4960599
4960697
4960816
4960903
4962960
4967607
4969601
4969610
4969645
4972537
4972954
4973136
4973284
4973648
4974925
4975452
4976330
4977109
4977758
4979392
4980403
4981490
4991687
4996265
4996414
4998668
4999043
5001414
5003942
5004213
5004379
5006040
5006435
5006608
5006863
5007114
5008045
5008498
5008521
5009957
5013290
5015039
5015077
5015163
5015172
5017484
5019439
5019824
5019919
5020272
5020350
5020592
5022589
5026014
5027570
5030452
5030777
5031413
5031562
5033267
5036310
5037161
5037663
5038079
5041552
5041582
5041854
5041995
5042073
5042157
5042465
5043607
5043764
5043862
5045519
5045892
5046330
5046440
5046729
5048225
5050809
5053797
5054931
5055288
5055407
5055555
5055904
5057450
5058652
5059006
5060060
5060069
5060646
5061366
5063916
5064388
5064501
5064675
5064850
5066037
5066188
5068559
5068686
5068730
5069232
5070564
5073110
5073319
5076033
5077057
5078662
5079512
5079581
5079907
5080004
5081805
5082517
5082777
5083606
5084641
5085470
5085914
5086573
5089884
5090881
5092469
5092489
5092732
5092891
5095771
5098363
5098423
5100574
5105330
5105745
5106338
5106367
5115229
5117258
5117664
5118492
5118962
5120758
5121417
5121961
5122343
5122538
5124913
5125758
5126935
5129021
5130450
5131090
5132816
5132902
5134578
5134663
5135249
5135749
5135921
5137029
5137238
5139097
5140121
5141226
5141425
5145167
5145620
5146630
5146761
5148030
5149569
5150158
5151860
5152909
5154741
5154777
5156263
5161324
5161915
5163608
5163657
5165952
5166533
5172198
5173744
5175055
5175297
5176342
5179371
5180098
5180738
5182525
5182682
5182731
5183931
5184208
5185934
5186270
5187554
5187896
5189028
5189795
5190540
5190806
5191004
5193497
5193709
5194237
5194386
5195982
5196461
5198251
5201288
5202491
5202699
5203041
5203385
5203510
5204305
5204796
5206170
5206311
5207278
5208109
5209034
5210113
5210431
5211383
5211732
5211911
5211948
5211976
5212152
5212339
5212948
5214400
5214990
5215381
5216555
5217775
5218731
5219619
5219999
5220258
5222172
5222780
5224124
5224269
5224333
5226100
5226221
5226290
5227261
5230258
5233670
5234438
5236409
5236776
5236897
5237249
5237952
5238268
5238875
5242269
5243748
5245163
5245873
5246277
5246909
5246989
5249577
5252388
5254503
5254777
5257264
5257486
5257666
5260139
5262200
5262254
5262828
5263213
5263309
5263633
5264670
5266113
5269648
5272335
5272513
5272811
5274941
5275416
5277268
5277783
5278978
5279672
5281308
5283124
5283224
5284468
5284728
5285063
5286449
5289537
5290183
5293696
5294234
5294859
5295357
5297417
5300538
5301773
5301875
5311695
5312101
5315423
5324252
5324403
5324453
5328604
5329133
5330948
5331117
5335146
5336314
5337658
5341124
5342061
5342239
5342903
5343589
5344114
5345878
5346202
5352763
5352941
5355042
5355231
5357879
5357984
5358022
5358127
5358328
5360330
5360464
5360554
5360908
5361493
5361831
5361880
5362583
5362593
5363065
5365141
5365251
5365823
5365896
5366285
5369353
5369448
5369592
5369603
5369916
5370034
5370204
5370677
5371581
5371926
5372108
5372973
5373018
5373110
5373296
5373393
5374094
5374187
5374778
5375035
5375422
5375530
5375996
5376049
5376366
5376964
5377525
5377992
5378332
5378605
5379142
5379434
5379554
5379950
5380178
5380444
5381062
5382067
5382335
5382458
5382706
5382732
5382839
5383287
5384562
5385420
5386650
5387189
5387252
5387792
5391091
5392446
5392677
5393731
5394194
5394954
5395036
5395203
5395431
5395541
5395607
5396883
5397395
5397839
5397978
5398070
5398651
5401808
5404933
5404972
5406876
5407163
5407304
5407313
5408343
5408370
5408500
5408847
5410008
5410142
5415693
5416644
5416973
5419846
5420841
5421672
5422023
5422430
5422790
5423206
5423759
5424070
5424391
5426662
5428910
5429114
5429270
5429359
5430108
5430712
5430994
5431864
5432298
5440979
5444728
5444876
5446577
5446618
5448556
5450703
5452119
5452825
5457881
5460070
5461367
5462971
5463156
5464196
5465463
5468291
5468703
5469279
5469926
5470023
5470591
5471270
5471792
5471901
5472126
5474491
5474848
5478788
5479047
5479427
5481823
5484425
5484746
5485115
5486733
5486854
5488767
5488899
5491044
5491140
5491151
5491395
5491487
5491601
5493355
5493540
5493644
5493836
5494041
5494995
5495804
5496103
5500687
5501171
5501498
5501596
5501794
5502096
5504432
5504695
5506622
5506867
5507053
5507226
5508586
5508923
5510267
5510795
5510866
5510971
5511602
5511620
5511783
5513001
5513110
5513389
5513481
5513576
5513587
5514468
5518058
5518458
5518784
5519393
5519680
5520338
5521261
5522291
5522311
5523489
5524350
5525211
5525357
5525495
5525586
5532764
5533894
5533904
5537748
5537949
5538793
5543980
5545957
5550822
5551363
5553252
5555978
5558176
5560636
5561991
5562373
5562772
5563150
5563160
5563427
5564224
5564386
5570246
5583683
5595356
5595459
5595568
5595852
5598249
5598380
5599447
5600656
5601074
5601293
5603384
5605660
5606449
5606594
5607309
5608594
5609607
5609753
5611881
5612356
5612604
5612769
5614110
5614231
5615085
5617732
5617749
5617845
5619478
5621317
5622162
5624749
5626261
5628781
5629215
5630719
5633675
5634662
5636031
5636820
5637106
5637543
5637933
5639438
5642623
5645140
5645752
5648019
5648980
5651542
5652992
5653795
5654103
5658365
5658573
5660843
5662729
5662837
5663409
5663688
5665367
5667053
5670182
5672014
5672979
5677413
5677579
5677980
5678674
5678746
5681682
5681797
5682190
5685680
5685965
5686661
5686792
5686842
5689343
5689534
5690746
5690899
5693062
5695219
5698614
5698759
5698777
5698907
5706207
5708619
5711722
5714172
5714410
5716176
5716269
5720547
5721785
5721795
5722581
5723620
5723800
5726124
5728944
5734529
5735339
5735632
5740623
5742156
5746297
5750083
5750478
5752530
5753271
5754016
5754187
5754302
5754456
5757586
5758770
5767068
5767763
5769651
5773403
5784459
5786986
5788637
5793763
5794805
5800684
5800986
5804729
5806009
5810007
5813834
5815648
5817591
5820531
5822107
5822851
5826432
5832828
5833037
5833067
5834354
5837979
5839475
5839919
5840336
5842917
5843012
5843328
5845007
5847428
5849776
5850773
5852508
5854377
5854942
5856778
5859041
5859251
5862985
5863107
5865457
5866783
5866823
5868706
5869592
5869658
5869722
5869778
5870038
5870670
5870888
5878522
5878539
5884491
5888345
5890049
5890223
5890986
5892292
5893421
5898824
5898896
5900021
5900043
5904602
5909770
5916376
5918626
5920051
5924819
5927090
5929636
5930153
5930604
5930945
5931174
5933792
5936919
5937894
5939740
5945288
5945448
5945478
5946430
5949644
5951304
5952958
5959276
5959577
5959687
5965015
5965127
5968444
5973640
5974793
5975554
5975674
5978603
5978936
5978996
5979389
5982990
5983259
5988819
6001253
6003741
6006044
6008479
6008557
6008629
6017722
6019182
6019963
6020878
6021146
6022844
6024190
6024306
6024437
6025218
6027531
6029605
6030895
6031376
6032777
6034969
6038818
6038921
6041140
6042232
6047191
6047463
6051403
6055654
6062226
6065488
6065665
6065938
6066690
6069756
6071229
6080022
6080631
6081019
6083572
6085728
6085819
6088391
6089669
6094288
6094806
6097256
6104121
6105161
6106336
6106808
6117009
6119316
6122705
6125070
6132624
6133875
6134097
6135923
6137234
6137977
6140195
6144773
6144855
6145028
6145451
6145482
6151925
6154334
6156779
6156944
6157781
6168549
6168971
6171713
6176378
6179997
6181604
6183274
6183461
6184669
6188521
6191053
6191772
6194212
6194805
6197196
6199023
6199278
6199507
6199627
6199983
6200025
6200945
6201904
6202167
6204334
6204773
6206147
6206243
6207568
6209841
6209860
6211947
6213621
6216170
6216521
6216655
6217180
6219015
6221096
6221538
6221786
6223252
6223381
6224115
6224199
6224503
6224543
6224697
6228236
6228387
6232059
6233482
6233551
6233642
6233728
6233827
6234074
6234499
6240176
6241166
6241539
6242394
6243523
6245340
6246585
6247534
6248555
6249526
6251029
6251785
6253779
6253890
6254267
6254521
6255234
6255366
6256082
6257345
6258639
6259167
6260980
6261123
6261312
6261658
6261757
6263575
6265863
6266593
6266692
6266778
6266871
6267938
6268643
6270265
6270677
6271194
6271498
6271617
6272257
6272308
6272391
6272439
6273591
6276008
6276127
6276311
6276571
6276792
6276843
6277693
6278115
6278901
6280416
6283924
6284022
6284755
6286542
6286581
6287115
6288828
6290356
6290396
6290832
6290886
6292582
6293222
6293337
6293641
6295442
6295740
6295903
6296306
6296435
6296659
6298210
6302961
6304325
6304884
6305356
6305724
6305788
6306078
6306886
6310718
6310831
6312884
6317541
6323649
6324171
6324419
6324661
6324791
6324986
6325176
6325196
6325364
6325529
6325711
6325971
6326535
6329180
6330246
6331537
6331838
6334213
6336648
6337694
6338655
6338758
6345796
6351126
6354212
6356873
6358552
6359067
6368295
6373729
6373789
6375667
6375756
6375888
6376824
6377908
6377975
6377983
6378390
6379028
6380677
6380930
6381838
6382121
6382637
6383668
6383761
6383769
6383943
6384197
6385290
6386868
6386969
6392490
6392686
6393105
6393258
6394100
6395397
6395478
6396003
6404527
6406815
6407251
6409615
6410956
6413364
6413937
6414871
6415799
6420817
6420878
6424442
6424671
6424754
6426629
6426721
6427562
6434544
6434682
6435525
6437122
6437302
6438620
6438820
6439194
6439555
6439684
6440284
6440573
6442765
6442867
6443210
6443431
6443982
6444423
6444866
6445935
6451652
6452567
6453911
6455731
6456652
6456762
6457479
6457890
6458618
6458698
6461254
6461727
6464968
6465406
6468426
6471082
6472354
6473018
6473744
6474755
6475701
6475800
6476043
6476389
6477474
6479592
6482458
6482532
6482568
6483149
6486781
6486906
6487211
6487529
6488688
6490076
6490189
6492233
6493423
6497187
6497455
6505013
6505893
6506193
6506201
6506652
6506844
6509102
6509554
6509898
6513055
6513298
6515151
6519838
6520490
6527476
6528742
6532247
6534762
6535524
6537477
6537642
6538060
6538118
6538190
6538813
6539478
6539711
6540304
6540486
6541014
6541644
6542338
6542901
6543221
6543410
6543627
6544003
6544643
6544869
6545055
6547187
6547440
6548995
6550758
6551508
6555223
6555867
6555887
6561706
6562297
6563548
6564065
6566812
6571704
6572201
6572638
6582150
6582743
6584571
6591329
6592297
6592673
6593457
6593803
6594720
6596738
6597565
6598316
6598842
6599382
6599406
6601064
6602347
6603237
6604364
6604709
6604997
6606503
6606832
6606998
6607627
6607749
6610452
6613609
6614729
6617597
6619199
6619531
6621135
6621333
6621439
6621484
6621582
6621605
6622097
6623342
6625768
6626919
6628254
6630819
6630902
6634377
6636343
6637461
6638553
6638645
6638652
6639171
6639939
6640949
6641124
6643144
6644271
6644448
6647156
6649286
6650018
6650062
6650109
6652462
6654224
6656914
6657340
6657698
6662579
6665348
6665621
6665907
6668052
6668246
6668713
6669993
6670996
6671121
6673084
6673141
6673847
6676338
6677394
6680538
6683465
6683567
6683690
6684310
6686507
6687049
6688704
6691249
6691741
6691754
6694027
6702671
6706009
6707835
6710198
6710735
6711037
6712140
6714142
6715245
6715459
6715770
6716857
6716887
6717717
6719447
6720150
6720258
6720368
6720437
6720747
6721532
6723452
6723736
6725725
6727774
6728232
6730522
6730889
6732735
6734393
6734520
6734749
6734912
6735468
6735775
6737458
6743560
6744269
6744367
6745537
6745953
6747592
6748591
6749474
6750503
6750513
6751630
6751693
6752399
6753288
6754125
6755209
6755430
6756023
6756636
6757020
6757478
6757494
6758326
6758789
6758847
6759005
6759120
6759181
6759874
6759929
6759950
6760437
6762382
6763821
6764416
6765523
6766804
6767024
6767177
6768008
6769486
6769582
6769754
6769793
6770196
6770230
6771949
6772080
6772146
6772509
6775957
6778557
6778705
6779928
6779972
6780627
6783409
6786346
6786836
6791288
6791458
6791554
6791747
6791869
6795182
6796598
6797952
6804896
6805006
6807447
6809331
6809471
6812970
6813306
6813510
6815793
6816130
6816238
6817909
6820140
6821976
6823878
6823942
6825618
6827391
6830311
6831191
6832005
6841127
6845906
6847681
6850075
6851411
6851524
6851751
6851983
6853369
6853569
6854554
6855708
6855837
6856419
6857514
6858042
6862972
6863079
6863899
6864304
6867029
6869492
6871602
6871707
6872749
6872845
6873932
6874738
6878658
6878928
6881939
6882481
6884017
6884600
6884815
6885010
6885150
6885352
6887373
6887787
6889181
6889897
6889978
6891960
6892971
6893159
6894756
6894812
6895042
6896453
6897260
6898421
6899176
6901663
6906693
6908013
6910210
6910850
6911036
6911091
6911096
6915120
6915615
6919985
6920936
6921171
6922479
6928601
6928787
6928801
6929121
6929383
6929425
6929608
6935128
6935511
6935722
6939107
6939785
6941958
6944175
6944373
6944492
6947279
6949460
6949560
6950018
6950267
6950454
6953690
6955915
6955962
6956588
6956782
6959499
6960924
6961084
6961134
6961189
6963328
6966277
6966607
6967733
6969394
6972549
6974253
6974421
6974489
6975854
6976267
6976489
6983754
6983818
6984066
6984206
6986049
6986481
6988087
6988164
6988171
6988452
6990645
6990985
6992549
6992774
6994082
6997017
6998895
7002961
7003500
7005474
7006608
7006724
7009337
7009872
7016056
7016153
7017680
7018305
7020774
7021546
7023151
7023507
7026120
7026142
7027928
7028237
7032079
7032460
7033506
7035138
7036327
7036802
7037220
7037499
7038716
7039527
7043669
7043819
7045648
7045687
7045862
7046367
7048343
7049312
7051111
7051401
7051803
7053797
7054408
7054438
7055475
7057158
7059268
7059832
7059997
7060035
7061637
7062162
7062609
7063612
7066215
7066944
7068376
7068466
7068953
7071481
7073811
7077068
7080076
7080648
7080784
7081851
7083167
7087307
7087413
7090252
7094025
7094258
7097403
7101144
7102616
7110370
7112722
7124169
7136500
7136800
7136912
7138366
7139601
7145501
7146135
7146739
7146867
7147537
7149350
7150884
7151201
7157960
7158413
7160299
7163623
7164840
7168276
7168601
7169514
7169617
7170192
7170694
7171883
7171980
7172204
7172253
7173092
7173523
7174839
7175496
7176292
7176467
7177304
7177581
7178930
7179093
7179145
7179702
7181207
7181820
7181924
7182294
7183748
7185506
7185723
7187369
7187509
7187697
7188641
7189063
7191105
7193566
7193700
7197146
7199597
7199911
7200034
7200214
7201714
7202022
7202488
7202722
7203023
7203675
7204006
7205007
7205990
7206213
7206874
7206980
7209977
7210645
7210679
7213998
7214098
7215376
7216316
7218395
7228139
7231040
7231166
7231355
7234222
7234349
7239924
7240237
7240462
7241045
7241189
7243039
7244884
7245004
7245262
7247047
7250874
7252185
7252321
7254426
7254463
7254531
7254779
7256539
7257109
7260330
7261454
7262281
7266365
7266375
7267051
7273272
7273368
7273435
7277220
7279440
7279713
7279962
7280254
7282395
7282477
7282849
7289037
7289143
7289349
7290351
7291904
7299538
7301100
7305576
7308008
7310609
7316826
7317590
7318197
7318609
7318694
7322638
7325023
7325480
7328256
7329272
7331541
7332824
7333119
7333744
7334534
7336005
7337561
7340235
7342129
7342237
7343789
7345729
7346265
7347721
7347737
7348342
7351338
7351421
7352647
7354777
7357457
7358341
7358473
7358958
7359292
7362299
7363060
7363525
7363704
7364812
7365060
7365102
7366573
7367235
7367273
7367701
7376732
7383523
7384125
7384250
7386507
7387846
7391939
7392399
7393452
7393645
7396464
7397246
7404149
7404799
7406277
7409438
7409641
7411281
7413431
7414839
7414985
7416902
7417821
7419021
7419230
7420002
7420969
7421151
7423363
7424594
7424619
7427164
7429681
7431917
7433374
7436618
7437912
7438844
7439399
7439754
7444333
7445124
7447068
7447871
7449991
7450075
7450104
7450818
7451851
7452302
7453235
7456650
7457678
7459954
7460411
7460545
7461617
7461813
7462637
7462867
7463230
7463787
7463828
7466295
7466370
7467292
7467563
7468333
7468681
7469739
7472147
7472921
7473256
7473358
7474557
7477637
7481221
7481572
7482189
7483429
7483590
7485380
7485467
7485919
7487979
7488543
7489982
7490369
7491439
7492005
7492324
7492422
7492636
7492777
7493334
7494743
7494843
7496956
7497580
7498372
7500622
7503961
7506989
7507919
7509121
7511823
7516079
7516255
7517462
7518420
7518594
7519621
7519908
7521699
7521884
7521955
7523412
7523986
7524230
7524655
7526008
7526310
7528295
7528516
7528665
7528825
7528900
7529637
7530743
7531697
7531969
7532292
7533387
7533659
7534418
7535504
7537497
7539202
7542104
7543630
7543683
7545535
7548201
7548416
7549207
7549788
7552971
7553027
7557597
7557748
7557891
7558743
7559437
7561033
7562156
7563347
7566234
7566282
7566603
7568787
7573204
7574809
7575977
7579128
7579455
7579738
7584339
7585665
7586107
7589792
7591859
7593412
7595699
7599397
7610840
7610949
7614700
7615035
7616973
7617063
7617107
7619547
7620095
7620939
7622716
7625013
7626530
7627969
7634288
7635073
7635351
7636624
7640571
7645153
7654568
7654667
7657288
7659100
7659657
7661717
7661918
7663832
7664959
7666087
7667368
7668016
7670539
7670774
7670803
7672844
7676447
7676537
7677860
7678478
7680777
7682448
7683027
7683170
7683204
7684016
7684305
7684418
7685354
7687605
7692086
7692788
7692797
7693731
7693918
7694890
7694950
7695491
7696911
7697096
7697394
7697800
7699256
7701301
7701448
7701923
7702938
7703873
7703941
7704756
7706427
7708698
7708734
7709336
7709452
7709505
7710413
7711080
7711579
7713373
7713501
7713917
7714469
7716305
7716342
7716941
7717045
7719242
7719346
7719836
7721143
7721369
7721900
7722264
7722388
7722504
7722581
7722641
7722916
7723088
7723533
7724434
7724439
7725181
7725392
7726159
7726829
7727018
7728242
7728705
7729253
7735067
7736613
7738017
7742425
7742634
7743986
7744015
7744136
7744856
7745022
7746136
7747183
7750027
7750466
7751029
7751713
7754653
7755632
7756997
7758269
7758715
7758761
7759200
7759244
7763227
7764744
7765049
7765101
7765291
7766483
7766722
7767130
7767432
7769504
7769734
7771602
7771778
7771855
7771926
7772035
7772909
7773711
7774729
7775076
7775290
7778929
7779839
7780679
7781242
7781586
7781667
7783032
7783725
7784181
7785342
7786728
7788144
7788353
7789118
7789505
7790225
7796230
7798983
7799300
7800440
7801812
7803211
7803779
7804040
7804380
7805479
7805630
7806227
7806869
7807010
7807226
7809086
7810127
7810258
7811378
7811896
7812909
7814081
7814853
7816235
7816791
7817639
7819117
7820540
7820815
7822980
7823202
7823582
7824971
7825204
7825468
7825635
7828666
7829061
7830736
7830952
7832783
7832953
7833707
7836267
7836589
7836812
7837513
7840669
7848121
7848398
7854419
7854483
7854611
7854623
7854695
7855371
7858157
7860765
7860942
7867275
7867821
7868209
7868327
7868436
7869550
7869720
7870600
7872115
7875857
7877850
7878240
7878372
7878538
7881496
7881639
7881881
7881966
7883726
7884712
7886381
7886501
7888251
7888676
7888975
7890257
7890783
7890885
7894091
7896872
7896957
7897057
7897555
7899498
7899615
7900057
7900238
7901732
7902034
7904512
7904608
7905153
7905364
7905530
7907700
7910505
7911121
7914145
7914878
7917533
7917949
7919578
7920027
7920940
7923134
7923258
7925449
7925470
7925604
7927595
7928060
7929566
7929742
7930169
7931947
7934113
7934125
7937221
7939015
7941357
7941904
7945699
7945720
7946313
7947390
7948995
7950020
7950199
7950921
7955847
7956063
7957462
7958234
7958631
7960090
7960287
7960777
7962537
7963554
7963769
7963802
7966531
7969232
7974567
7976698
7978622
7979659
7982716
7991542
7998574
8000377
8000480
8001317
8008349
8008759
8009475
8010424
8010558
8010857
8010937
8012218
8012404
8014214
8014265
8014554
8015857
8016138
8016616
8017050
8017372
8018265
8018839
8018946
8019059
8020618
8023470
8023755
8025348
8025380
8025566
8027709
8033205
8035436
8036605
8036694
8037021
8037132
8037613
8037647
8037832
8040422
8041042
8041338
8041557
8042121
8043231
8043608
8044109
8044526
8045592
8047746
8047795
8048465
8049483
8049490
8050267
8050572
8050898
8052692
8053482
8054509
8054597
8055465
8056890
8057510
8061962
8062068
8062275
8062506
8062531
8062580
8062693
8064097
8064582
8065283
8068114
8068646
8068706
8069375
8070453
8070598
8072819
8072907
8078003
8079967
8081068
8081446
8081477
8084543
8084898
8085393
8086210
8088044
8089463
8092246
8092913
8093013
8094691
8096206
8096741
8103263
8103714
8104475
8106236
8106310
8107345
8107629
8107726
8109642
8110743
8113774
8114076
8114109
8116618
8120629
8122611
8124355
8126561
8130046
8131022
8133163
8133872
8134242
8135259
8135389
8138244
8145889
8146115
8146218
8148953
8149086
8156673
8157345
8158358
8158422
8158523
8159479
8160174
8160184
8160835
8160887
8161631
8165301
8166026
8166103
8166124
8166214
8166930
8167125
8169245
8170551
8173144
8175267
8179233
8179718
8179743
8181655
8182501
8182703
8183901
8184821
8184986
8186744
8186811
8189621
8189737
8192367
8192804
8195581
8197321
8208333
8208352
8208813
8210668
8214303
8214384
8215944
8216318
8216412
8217024
8217171
8223016
8225551
8227105
8240841
8248167
8248874
8251391
8251550
8252163
8254037
8259219
8263583
8263755
8264772
8265963
8266169
8267091
8271754
8272228
8274231
8275548
8276850
8276987
8288663
8291340
8293857
8294255
8294309
8296256
8296574
8296737
8296964
8299008
8299050
8303328
8305147
8305399
8306165
8307315
8307337
8307904
8310495
8312408
8313232
8313945
8314273
8316240
8316748
8317434
8319196
8319335
8321556
8321702
8322398
8322489
8322646
8323132
8323798
8323822
8326316
8330313
8330425
8344658
8347243
8351401
8351503
8353680
8354804
8355899
8359563
8365100
8372304
8374716
8374853
8376954
8378164
8378371
8378946
8379036
8381591
8382312
8390719
8390972
8392115
8393574
8396186
8397702
8401883
8402042
8402975
8403434
8403629
8403789
8407242
8407658
8407926
8410020
8410102
8410854
8411010
8413476
8414110
8418332
8418643
8418990
8425235
8426117
8430534
8431946
8432101
8433529
8433640
8433776
8434141
8434713
8435761
8438360
8439555
8440146
8441068
8442107
8444731
8447705
8450115
8455680
8455775
8456842
8459105
8459894
8462994
8464794
8464871
8466766
8467490
8467591
8467855
8468169
8468829
8470014
8470171
8472666
8473455
8474131
8476151
8476692
8477651
8478269
8478391
8479877
8480715
8480786
8481145
8481314
8481859
8482478
8483420
8483687
8484196
8484949
8485047
8485232
8485649
8485810
8486347
8487475
8487687
8488012
8488352
8488416
8490505
8490810
8490942
8492787
8492882
8493773
8494131
8494826
8494975
8495537
8497074
8497194
8498463
8499378
8499499
8500311
8500397
8500722
8500759
8500855
8503113
8503195
8504018
8504706
8506145
8506318
8507286
8507586
8510612
8512309
8512998
8515211
8515400
8515911
8516432
8518024
8518250
8520479
8520686
8523009
8523061
8523128
8523871
8526882
8530700
8530932
8530972
8531348
8531573
8532376
8532804
8532879
8533215
8533367
8535262
8535350
8535629
8535740
8535843
8535884
8537066
8537136
8537377
8537752
8537956
8538445
8538854
8538994
8539156
8539629
8540113
8541504
8541573
8543670
8543993
8544277
8544382
8546000
8546228
8546850
8547118
8547685
8548585
8549066
8549707
8550050
8553549
8553648
8553875
8554012
8557154
8557469
8559932
8562323
8566894
8568104
8568209
8570906
8572216
8573832
8573941
8574228
8574847
8574984
8575122
8576185
8576191
8579333
8579698
8580112
8580463
8580765
8581370
8587035
8591324
8591423
8591532
8592323
8596160
8597148
8598090
8598662
8600200
8601044
8603142
8603205
8603304
8603624
8603846
8604762
8604854
8605029
8605242
8605425
8605559
8605761
8607330
8607356
8607948
8610610
8612950
8614765
8616450
8618351
8618479
8618933
8619217
8619438
8620389
8620542
8621713
8621774
8621858
8624646
8624728
8625952
8626140
8626659
8626726
8627826
8628083
8628328
8629154
8629200
8629309
8630014
8630245
8630681
8631493
8631832
8638159
8638449
8640451
8642100
8643002
8649831
8650406
8656303
8656446
8660790
8661791
8671579
8672172
8672994
8674727
8676795
8677217
8678244
8679362
8680391
8681729
8684579
8685569
8685908
8686168
8687482
8687720
8688069
8694595
8694953
8695016
8695394
8695497
8698785
8699498
8700595
8700700
8701073
8703026
8703276
8719457
8721395
8723873
8728803
8733356
8733608
8733690
8734143
8734673
8735219
8735910
8736462
8736676
8737105
8738901
8739027
8741171
8741969
8742214
8743469
8745717
8746395
8747000
8747311
8749189
8749273
8749335
8749462
8750666
8751166
8751965
8752693
8753660
8754021
8754736
8755608
8755676
8755814
8756248
8758280
8758541
8758548
8758641
8758652
8760252
8761038
8761917
8762133
8762956
8763135
8763464
8765906
8766095
8766159
8766639
8766989
8770038
8771123
8771578
8773716
8774318
8774663
8774808
8775404
8775439
8775512
8776073
8776149
8777173
8777859
8778793
8778835
8778878
8780655
8781056
8781481
8781846
8782856
8786657
8786761
8787575
8794157
8797032
8797269
8799435
8802618
8804377
8805528
8810123
8812119
8812836
8813614
8813963
8815222
8815989
8817421
8818266
8818582
8819381
8820773
8822508
8823191
8824013
8825899
8826779
8826913
8827127
8827218
8829221
8829299
8831007
8831057
8832648
8833616
8833641
8837873
8841348
8845720
8854222
8856685
8862495
8862922
8865263
8868792
8869356
8871002
8871011
8873844
8874972
8875266
8875356
8875883
8877126
8877391
8878926
8882442
8883979
8886604
8886721
8886953
8886989
8887099
8887286
8889328
8889660
8890507
8890631
8893658
8893880
8894218
8895350
8895566
8896069
8896158
8896759
8898199
8898244
8898540
8898830
8905347
8914444
8916078
8928486
8937140
8939046
8946755
8954638
8954917
8955053
8959062
8962517
8965026
8965109
8965162
8965286
8965351
8965397
8965481
8965889
8968582
8968791
8969687
8970046
8971368
8971532
8974074
8974252
8974529
8975319
8975572
8975645
8976335
8976591
8978014
8978556
8979009
8979216
8979259
8979403
8979553
8979720
8981787
8983870
8984670
8986207
8986891
8987022
8990871
8991419
8993672
8993781
8994033
8994629
8995513
8995554
8996932
8997093
8999805
9001470
9003202
9003331
9004087
9004373
9004593
9006235
9006741
9008690
9011048
9011846
9011940
9012189
9015495
9017131
9017133
9017653
9017660
9018933
9020023
9023509
9023653
9025836
9026161
9031023
9032252
9032497
9033595
9033759
9034095
9035931
9037832
9039513
9040437
9040623
9042182
9044201
9044284
9044421
9048776
9048984
9066481
9066797
9067551
9068130
9068265
9068730
9069070
9069544
9069768
9070136
9070426
9070534
9071239
9071616
9072034
9072228
9072331
9073430
9073927
9074642
9075918
9076093
9077146
9077721
9078059
9078395
9078878
9079788
9079889
9080570
9081233
9081344
9081637
9082431
9082665
9083319
9083476
9083974
9084494
9084579
9084994
9086094
9086242
9086932
9087616
9089054
9091280
9092571
9092882
9092957
9092963
9095040
9095114
9095131
9095821
9096180
9097015
9097635
9097802
9098151
9098645
9100043
9101143
9101254
9102723
9103393
9105533
9107164
9109305
9109598
9109840
9110570
9110623
9110785
9111012
9111442
9111723
9112029
9112162
9112297
9112809
9113328
9113647
9121036
9121241
9122202
9122502
9123266
9125421
9133991
9134635
9134782
9136463
9137921
9137988
9138124
9138967
9140090
9140165
9140293
9140493
9140942
9141316
9141981
9142936
9143757
9143848
9144112
9144377
9145051
9145756
9145957
9146323
9146837
9146959
9147630
9147894
9148077
9148711
9149037
9149071
9149183
9150891
9151617
9151794
9152016
9152107
9154374
9156478
9158120
9158575
9159081
9161954
9167273
9169043
9169157
9169284
9170977
9171055
9171604
9171951
9172969
9173079
9173198
9173642
9175466
9176893
9177055
9177150
9179051
9179132
9179454
9179673
9179857
9181033
9181773
9183918
9184020
9184160
9185118
9185357
9187946
9188049
9188133
9188151
9188228
9188735
9191142
9191526
9191849
9193135
9194060
9194139
9194359
9194590
9194784
9195809
9195862
9195916
9196286
9197270
9197545
9199027
9199205
9199273
9201780
9201884
9202211
9202995
9203778
9204059
9204236
9204603
9204809
9205280
9205583
9205774
9207376
9207400
9207490
9207575
9207641
9207660
9207886
9207996
9208132
9208435
9208454
9208609
9208861
9209055
9212515
9214489
9214881
9216590
9216620
9216910
9217185
9217819
9218666
9219161
9220917
9221168
9221392
9222227
9222663
9222812
9223343
9223684
9224222
9224438
9224613
9224860
9226786
9228804
9229258
9229552
9230272
9230429
9231073
9231203
9233537
9233680
9234022
9234944
9235202
9238518
9241478
9242514
9242873
9243561
9244288
9244342
9245795
9246791
9247788
9247851
9248252
9248552
9249932
9250248
9250696
9251609
9251772
9252810
9254671
9254743
9255039
9255878
9256146
9260835
9261073
9261400
9262568
9262849
9265787
9265893
9265905
9266565
9266673
9269696
9270053
9272263
9273001
9273881
9274147
9276672
9276716
9276772
9277499
9277648
9282128
9282336
9282562
9284276
9284315
9284334
9284425
9285326
9285569
9285650
9286314
9286625
9287625
9288157
9288320
9288368
9291851
9292205
9292484
9293360
9295793
9296249
9299682
9300011
9300239
9300558
9300673
9300900
9301090
9301565
9303160
9304455
9304989
9311326
9312612
9314948
9319637
9319714
9320174
9320937
9327605
9327743
9327988
9328264
9330752
9333138
9333228
9333627
9333872
9334594
9335587
9337123
9337966
9339757
9340103
9341976
9342522
9342652
9343044
9343081
9344133
9344178
9346156
9346434
9348346
9348600
9348918
9349200
9350592
9350676
9351479
9351857
9352022
9352643
9352867
9355081
9355438
9356271
9356582
9356996
9357391
9357486
9358385
9360593
9360666
9360757
9361126
9363639
9366077
9369189
9369523
9369917
9369966
9370971
9371100
9371310
9371674
9374265
9374471
9374628
9376006
9376256
9376598
9376696
9377528
9377678
9378296
9379971
9381036
9381580
9381987
9382214
9382518
9383014
9383729
9384214
9384393
9385335
9385821
9385858
9385979
9387396
9395606
9396936
9397080
9397284
9397362
9398287
9399479
9400039
9400190
9402567
9405359
9405476
9405679
9406229
9406938
9410747
9411153
9412567
9412880
9412953
9415360
9415454
9415751
9417378
9417446
9417823
9419419
9419515
9419887
9420053
9426316
9427056
9429088
9429635
9429790
9429889
9431082
9440309
9440475
9445620
9447779
9447961
9449593
9449616
9449692
9449855
9449935
9450017
9452333
9452512
9452601
9452883
9453603
9454586
9455068
9455126
9455148
9455359
9455871
9460430
9462355
9477800
9479221
9483864
9489854
9490122
9492829
9493594
9496678
9496781
9501991
9502111
9508750
9509296
9509386
9514769
9516695
9516749
9517594
9518489
9518934
9519541
9524033
9528126
9528353
9528750
9535064
9535199
9538315
9538356
9538449
9539033
9539742
9540819
9541086
9542075
9542136
9543007
9543666
9543871
9544202
9548625
9549807
9550495
9550700
9551432
9553720
9554684
9557260
9559009
9561072
9561261
9561353
9564535
9564740
9566430
9568696
9568764
9569283
9572963
9573423
9576416
9576687
9581653
9581778
9583444
9583537
9583707
9586556
9587517
9588904
9589305
9589549
9589776
9590934
9591326
9591870
9592097
9592941
9593335
9593608
9593928
9594140
9594189
9594403
9594628
9596220
9596816
9596932
9597013
9597699
9598007
9598410
9598977
9600360
9602072
9602474
9603476
9604442
9604664
9604855
9604918
9605209
9607461
9607591
9607870
9607949
9608109
9609690
9610289
9611260
9611478
9611628
9614064
9616244
9616273
9616502
9616639
9619509
9619641
9620792
9621005
9621204
9621705
9621850
9628254
9629584
9630955
9633258
9633371
9633494
9633622
9633829
9633943
9638238
9638518
9638695
9641787
9642730
9644372
9645378
9647509
9647722
9648226
9650686
9650722
9651206
9651512
9653202
9653636
9654321
9656789
9665309
9666540
9666709
9667159
9667329
9668381
9668736
9668857
9669012
9669140
9669443
9671408
9671592
9671859
9673536
9674429
9676364
9677147
9677222
9677350
9677647
9678070
9678733
9678918
9679251
9679605
9680118
9680206
9680255
9680714
9682861
9683234
9683754
9684736
9685013
9685863
9685880
9686509
9687443
9687985
9689598
9690657
9690832
9690876
9692807
9692975
9693966
9694845
9694870
9695399
9697985
9697995
9698522
9698717
9699376
9699381
9699898
9700470
9700550
9700763
9700837
9701179
9702955
9704284
9705720
9706245
9708534
9709843
9709899
9710002
9711301
9711754
9713619
9716439
9716530
9716703
9717122
9717304
9718474
9718600
9719059
9719501
9719856
9721660
9721769
9722968
9723146
9724336
9724518
9725145
9725294
9725722
9725772
9725944
9726397
9727833
9728005
9728263
9728965
9729023
9729372
9736709
9736959
9737381
9739144
9739752
9739774
9740194
9742307
9743367
9744397
9744809
9745249
9745288
9746642
9748165
9748467
9754460
9755738
9756030
9756146
9759349
9762444
9762510
9763570
9763610
9764677
9765724
9766084
9768192
9768298
9771466
9772146
9776167
9778430
9781806
9781922
9784483
9789395
9789488
9791404
9794328
9794594
9796147
9796665
9801178
9810286
9815182
9815451
9815981
9817000
9817647
9819926
9820223
9827302
9832954
9833644
9834394
9834849
9840450
9842460
9850287
9851109
9851395
9859932
9860429
9861691
9861813
9861855
9863355
9863390
9866522
9868410
9868927
9872071
9872557
9880890
9881298
9886275
9886531
9888283
9890311
9899291
9901093
9901675
9901868
9902364
9902860
9903956
9907884
9908128
9912132
9915013
9917428
9918022
9919005
9920542
9930109
9930898
9933227
9933298
9933845
9934889
9934938
9935210
9937011
9937415
9937428
9937575
9944639
9945433
9948116
9948679
9951663
9953846
9953924
9955068
9955754
9960175
9960720
9962189
9962429
9965453
9970300
9970385
9976425
9977403
9979266
9979616
9982912
9983410
9983802
9984682
9987343
9987381
9987725
9990484
9990750
9991365
9991542
10006633
10008090
10009552
10011491
10012076
10013885
10014208
10028883
10031266
10031778
10034991
10036716
10037332
10038639
10045298
10049422
10049446
10052990
10055446
10057095
10073401
10073507
10073605
10076536
10084625
10086489
10091558
10092352
10093154
10093476
10094705
10095305
10100126
10100488
10100780
10101618
10103066
10103119
10104697
10107674
10108760
10112425
10119280
10121273
10121410
10124061
10124444
10129374
10130395
10130720
10131430
10133014
10134478
10138662
10138838
10140226
10140403
10141021
10141858
10143980
10144202
10144220
10145716
10145867
10146075
10146592
10150243
10152350
10153233
10153740
10155262
10155321
10155448
10157205
10161856
10161998
10163290
10168309
10169281
10169321
10171428
10171570
10176469
10179043
10180334
10183373
10184215
10184458
10185405
10189409
10190690
10194043
10194515
10196476
10200867
10201252
10202485
10205057
10209372
10211609
10211658
10213558
10213594
10214561
10215365
10216183
10217416
10219057
10219168
10220206
10224263
10224663
10226068
10235293
10235605
10236840
10238177
10239198
10242768
10242998
10253817
10255437
10256834
10258194
10258223
10258787
10260766
10261258
10263207
10263763
10263814
10264715
10266393
10269212
10269422
10269696
10273904
10274848
10276098
10276397
10277118
10278467
10278609
10278644
10278717
10279106
10279249
10279690
10280715
10280755
10281185
10281228
10282800
10283074
10283271
10285611
10285710
10285793
10285940
10286349
10287969
10288910
10289049
10289146
10289288
10289756
10290248
10290367
10290567
10292398
10293090
10298083
10300139
10300482
10300598
10301634
10302274
10302411
10303293
10305316
10305345
10305406
10307884
10309080
10309210
10309587
10311444
10311511
10314371
10314785
10317622
10318805
10318812
10319027
10320852
10322877
10323096
10323447
10323833
10323989
10328302
10329151
10329469
10329923
10330532
10330607
10334369
10335683
10336732
10336867
10338346
10339711
10340629
10341210
10341414
10342435
10342460
10350339
10350693
10352378
10352930
10353147
10354600
10361700
10367327
10367679
10369755
10379461
10379941
10382740
10382878
10383128
10383261
10385096
10385207
10385667
10388776
10389371
10390548
10390588
10390650
10391806
10393242
10393359
10393690
10395343
10396525
10396635
10397264
10397347
10399215
10399690
10402893
10403381
10407916
10409016
10409220
10411985
10412213
10412349
10412617
10413575
10415598
10416499
10416600
10416812
10419988
10421273
10423149
10423881
10424011
10424428
10431619
10433630
10434258
10435051
10435466
10437284
10437447
10437773
10440711
10443564
10444238
10445870
10446585
10448545
10449006
10450805
10451503
10451601
10454688
10454711
10457363
10461242
10465235
10467042
10467371
10467434
10467880
10469059
10472658
10473276
10474374
10474807
10475548
10480122
10480423
10480433
10483332
10484068
10485312
10486231
10489588
10489961
10489970
10492017
10494010
10494086
10503828
10507986
10508091
10512266
10512369
10522657
10522756
10523706
10524115
10524719
10528290
10528462
10530069
10532108
10532377
10538406
10539518
10540627
10542057
10542867
10543249
10544521
10545058
10548206
10548337
10548434
10548497
10548781
10550185
10550430
10550977
10556952
10557743
10557966
10559982
10560155
10560641
10561690
10562359
10562951
10562991
10566610
10567997
10568543
10568694
10568774
10569133
10569379
10569587
10569958
10570047
10571209
10571420
10572708
10572790
10573284
10574277
10575573
10576315
10576786
10579298
10579480
10580065
10582772
10584531
10585111
10585281
10585601
10586598
10588828
10589074
10589170
10589548
10592309
10594452
10594595
10595013
10599326
10600842
10601073
10602263
10603022
10603077
10603184
10604145
10604746
10605302
10605359
10606407
10607476
10607696
10609203
10610840
10612058
10612296
10613532
10613997
10614122
10616249
10617485
10617537
10617642
10617829
10618795
10618933
10619762
10619888
10620038
10621649
10621688
10623291
10624536
10624760
10624771
10625701
10626123
10627886
10629407
10629858
10631146
10631473
10633461
10633844
10634147
10634904
10637305
10637681
10638101
10638157
10638870
10639266
10639344
10639586
10640837
10640846
10641333
10641508
10641732
10642699
10643526
10643712
10643844
10644002
10644390
10646387
10646847
10648221
10648389
10650562
10650959
10651108
10652525
10652641
10652969
10653251
10654403
10654751
10655204
10657144
10660206
10664240
10664351
10667398
10667641
10669063
10669687
10672174
10672319
10676626
10676697
10678529
10683649
10684281
10686683
10686756
10686789
10687320
10688175
10689066
10689556
10690744
10691167
10692768
10694026
10694814
10694950
10695504
10696063
10696073
10696355
10696539
10697679
10697789
10698134
10698516
10700184
10700417
10700425
10700832
10701053
10702143
10702421
10702449
10702629
10702958
10704942
10707001
10707382
10707823
10708677
10710280
10710301
10710700
10711015
10714031
10716269
10716393
10716514
10716625
10717199
10717451
10719149
10719916
10720910
10721052
10721369
10723033
10723266
10723306
10725025
10726882
10727477
10728188
10730027
10730697
10731863
10738490
10740613
10740687
10740805
10741604
10742243
10742319
10744068
10744660
10745620
10747997
10749109
10749523
10749585
10749705
10749863
10750012
10750255
10750697
10750955
10752518
10752535
10753241
10754172
10754538
10754759
10754828
10755763
10756957
10757666
10757725
10758250
10759685
10759974
10760841
10762306
10762474
10767067
10767168
10770047
10770078
10770152
10774116
10774336
10774621
10774760
10776094
10776135
10776263
10778696
10778806
10778886
10781271
10781820
10783651
10784074
10784176
10784187
10785828
10786041
10786178
10788362
10788561
10789209
10790279
10792789
10793277
10793298
10793444
10793622
10793773
10794606
10795052
10797078
10797187
10797493
10798599
10798807
10800233
10800443
10800987
10801007
10801307
10801636
10802015
10803035
10803070
10803112
10803369
10803493
10803884
10804170
10804765
10805960
10806021
10806134
10806574
10806666
10807094
10808093
10808861
10809033
10810492
10810555
10810945
10810963
10811253
10811506
10811765
10811956
10813658
10813870
10815019
10817519
10818550
10819216
10819946
10820015
10820081
10821217
10822522
10827503
10827512
10827647
10830010
10830362
10831622
10831795
10834003
10835859
10836607
10836666
10836888
10840642
10841178
10841534
10844900
10848497
10848507
10848698
10850878
10852064
10854001
10855719
10856210
10857172
10858824
10859240
10859328
10859554
10859774
10861058
10862661
10863672
10864512
10865381
10866351
10866553
10868740
10874991
10875106
10876315
10876495
10878316
10878813
10880389
10880498
10880740
10882068
10882851
10882985
10883208
10885254
10886840
10887132
10887193
10888431
10888859
10891089
10891461
10892530
10892700
10892793
10892893
10893039
10893114
10893730
10894421
10894537
10895152
10895486
10897280
10897585
10897675
10898039
10900572
10900779
10901760
10903197
10905155
10905432
10905714
10908687
10908835
10909042
10911610
10912379
10913055
10916727
10916785
10917576
10917649
10917838
10918905
10920078
10921019
10921783
10923412
10923872
10924079
10925565
10926360
10927969
10929696
10935414
10935666
10935701
10936985
10938922
10939217
10941854
10943500
10945289
10945453
10946061
10946366
10950479
10950829
10951262
10951824
10953724
10954105
10957177
10957814
10957957
10958002
10959259
10959282
10959983
10962840
10964239
10964402
10964875
10967619
10969710
10973838
10974644
10976231
10976418
10978103
10978970
10981262
10983636
10984291
10985400
10985942
10986506
10987237
10987539
10987904
10988272
10988329
10989956
10992126
10994960
10996790
10998881
10999940
11000513
11000599
11001831
11001945
11003155
11008273
11008340
11013089
11017288
11023705
11028834
11029753
11029811
11030459
11032737
11036439
11036883
11038238
11040039
11040317
11042377
11042480
11043673
11043792
11046543
11046647
11048058
11048814
11050701
11050850
11051475
11054833
11055197
11056854
11057149
11058732
11060254
11060856
11061605
11061743
11063314
11064345
11064580
11065059
11065293
11065454
11066152
11066999
11067895
11069974
11071887
11072586
11073806
11074018
11074138
11075207
11076019
11076334
11077497
11077915
11078508
11078907
11079071
11079283
11079414
11081338
11082569
11082787
11083469
11084205
11084285
11084386
11084479
11084866
11085665
11086253
11086466
11086930
11087024
11087951
11089260
11089401
11090459
11090664
11092286
11092447
11093740
11093964
11094967
11097186
11099974
11100280
11100626
11100796
11100943
11101171
11103217
11103384
11104105
11104531
11104621
11104944
11105047
11105749
11105886
11106603
11107575
11107675
11108717
11110772
11110883
11110999
11111251
11111669
11117966
11118349
11119047
11119848
11120145
11120585
11121913
11122013
11122280
11122546
11126429
11126874
11130043
11130550
11133015
11133386
11136914
11137871
11137942
11138021
11138616
11139357
11139752
11139847
11140570
11140614
11141013
11143273
11143458
11145841
11146320
11146642
11146838
11146927
11148448
11148629
11149166
11149424
11149513
11150040
11151848
11152105
11152668
11152776
11154129
11157156
11160126
11160262
11160767
11162187
11162681
11162939
11163266
11165309
11165713
11168534
11168641
11168961
11169490
11169787
11171041
11171208
11171318
11171320
11171447
11171490
11171765
11172874
11172930
11173001
11173916
11175579
11175810
11177151
11177858
11178634
11178670
11179972
11180655
11181311
11182820
11182927
11183117
11183636
11183730
11183928
11184865
11185225
11186653
11186789
11187562
11187809
11188048
11188804
11189429
11190175
11190665
11191373
11191511
11191780
11191908
11193215
11193530
11193875
11195534
11202636
11213198
11215391
11216109
11216512
11216635
11216716
11217527
11218356
11218463
11221262
11221575
11222066
11222883
11223170
11223847
11224215
11224522
11225441
11226963
11230887
11231240
11232772
11233908
11234482
11234512
11236360
11236812
11237415
11238467
11238770
11239517
11240247
11240571
11243683
11244728
11244823
11244923
11245084
11245315
11245518
11246652
11247112
11247723
11247762
11250260
11250602
11251053
11251072
11251451
11253477
11253508
11253804
11254152
11254394
11254573
11254623
11254804
11255157
11255203
11256063
11257158
11257659
11260135
11260258
11260665
11261437
11262978
11265284
11265325
11266186
11266425
11267532
11267577
11268022
11268478
11268665
11272245
11272355
11272436
11272623
11273481
11274050
11274277
11274518
11279107
11279209
11279546
11280738
11281124
11281827
11282167
11282629
11283610
11283911
11284188
11284520
11286322
11286401
11286437
11286536
11290258
11290643
11290794
11290842
11292534
11293632
11293786
11296177
11296349
11298788
11299148
11301054
11304068
11306449
11306490
11306509
11306733
11309102
11309336
11309463
11309668
11309923
11311534
11312252
11312962
11315753
11315856
11316052
11317696
11318803
11319262
11319748
11320137
11321643
11322623
11322728
11323192
11323208
11323248
11324005
11324036
11324230
11324340
11324741
11325209
11325566
11327081
11327891
11328008
11329054
11330368
11330566
11331814
11332158
11333043
11333785
11334432
11335774
11336612
11337427
11337896
11345996
11346093
11346176
11346391
11347783
11348669
11348758
11348882
11349601
11349996
11350117
11350428
11350616
11356167
11356249
11356957
11357224
11357326
11358202
11358317
11358494
11358824
11358935
11359145
11359248
11359506
11359617
11360529
11360829
11361035
11361091
11361442
11362056
11362229
11363926
11364077
11366367
11366596
11368031
11369612
11371003
11372935
11377410
11379295
11379526
11380760
11380842
11382882
11383546
11385237
11385569
11385730
11385824
11387419
11387686
11387906
11390342
11391239
11392408
11393341
11393723
11394495
11394741
11395804
11395855
11397304
11397646
11397713
11397749
11397977
11398248
11398306
11399056
11401574
11403598
11405386
11406954
11408147
11412302
11415753
11416077
11416975
11419404
11420027
11422918
11424786
11424912
11425081
11425459
11425726
11425784
11426472
11428684
11430556
11432380
11434433
11435167
11435250
11435442
11435742
11436219
11438042
11438718
11439802
11440525
11440685
11441347
11443483
11443569
11444134
11445235
11445969
11446028
11447308
11447672
11448429
11448532
11449733
11449837
11449995
11450552
11451883
11452338
11452770
11456467
11459278
11459928
11466838
11467607
11467823
11468808
11469231
11469496
11469684
11470887
11471206
11472893
11472986
11473285
11473288
11476737
11476830
11477849
11478155
11479259
11480869
11482120
11484977
11485392
11485533
11485584
11488024
11488170
11488692
11490390
11491527
11492495
11495609
11498132
11498229
11501741
11503217
11506995
11507157
11507196
11509207
11509259
11509316
11509455
11509544
11509822
11509983
11511652
11512256
11512352
11512787
11513263
11514564
11515246
11517454
11519157
11519942
11520163
11523023
11524734
11525846
11526828
11527986
11528497
11530117
11533300
11533610
11535797
11536011
11536217
11537239
11537335
11537954
11538096
11538437
11540815
11541321
11543511
11543846
11546307
11550027
11551336
11555801
11561571
11565217
11566028
11566201
11566586
11566758
11567106
11569038
11570696
11571265
11571476
11573305
11573712
11577376
11578603
11578852
11580222
11580334
11584239
11586443
11588453
11589669
11589947
11590452
11591813
11592236
11592572
11592904
11594141
11594234
11594376
11596977
11597072
11597101
11597187
11597210
11598667
11600331
11600493
11601805
11602446
11602711
11604125
11605433
11606861
11608492
11609957
11610184
11610671
11610756
11611321
11611386
11612059
11612831
11614995
11615092
11615420
11616160
11617003
11617177
11619734
11622369
11625550
11625644
11627649
11628535
11629322
11629443
11629616
11637354
11640294
11642340
11643707
11646713
11647219
11648849
11655098
11656463
11656808
11657205
11658744
11659431
11660448
11660656
11661054
11661144
11661166
11661255
11663777
11664695
11666396
11667200
11669143
11669176
11669854
11672499
11673267
11673930
11676599
11676945
11677930
11678025
11678303
11678486
11679441
11681431
11682011
11682123
11683494
11683706
11684226
11684970
11687745
11688397
11690300
11691724
11691863
11692596
11693541
11693639
11693746
11696033
11696118
11696158
11697232
11699574
11701953
11702390
11703010
11703161
11704518
11706546
11706641
11706692
11708977
11709532
11709872
11712400
11712442
11712680
11713041
11714789
11716939
11721816
11723496
11723520
11723594
11725246
11727480
11728413
11728706
11729209
11731040
11731971
11733843
11733869
11734608
11734677
11735889
11738100
11740166
11740331
11740774
11742303
11742553
11744702
11750210
11751208
11751692
11752198
11754147
11754336
11756902
11757155
11758578
11759014
11760345
11761219
11762334
11763548
11765142
11766492
11767186
11768488
11768716
11768798
11771502
11771655
11775891
11777182
11778628
11779900
11780201
11782068
11784613
11785799
11786292
11788790
11788995
11789304
11789553
11789902
11790064
11791350
11791998
11792421
11793500
11793685
11795253
11795358
11796019
11797012
11797755
11799685
11800936
11800947
11800992
11802280
11804823
11805775
11806587
11806719
11807659
11808676
11812543
11812661
11813427
11813630
11813665
11814111
11815251
11817595
11819076
11819626
11822420
11822551
11822772
11823313
11826005
11826270
11827499
11827909
11830306
11831404
11831659
11831758
11840571
11841521
11841980
11842501
11842621
11845724
11846838
11847029
11847362
11847852
11847883
11850561
11850894
11853718
11854223
11857540
11857742
11857908
11859813
11859919
11859995
11860057
11861750
11861948
11862033
11862057
11865999
11866425
11868229
11868349
11868462
11869488
11869677
11869743
11875040
11875218
11875740
11876067
11882100
11882263
11883878
11888199
11888321
11890887
11893955
11901162
11903315
11904635
11905068
11905585
11907432
11907502
11907782
11908503
11908942
11908965
11909101
11909680
11913286
11913488
11914487
11917954
11918409
11924121
11924435
11926331
11929443
11929556
11929576
11931165
11931972
11939929
11942270
11942378
11942951
11943520
11945396
11945582
11946382
11946478
11946865
11947427
11948464
11950573
11951083
11953442
11953934
11954132
11956365
11956462
11956868
11957900
11958187
11958948
11959394
11959421
11961429
11961997
11962468
11963369
11963441
11963812
11965082
11965167
11965313
11967465
11967621
11967840
11968122
11969972
11970933
11971748
11973243
11973843
11975025
11975959
11976524
11977267
11980794
11984308
11985434
11986545
11989023
11989297
11989574
11990103
11991652
11991698
11991762
11991886
11994309
11994868
11996696
11998829
11998898
11998962
12001750
12004185
12004532
12007124
12007772
12010254
12011879
12012346
12012480
12012523
12013526
12013829
12014001
12031337
12035981
12036073
12036286
12036441
12038703
12050697
12050883
12052705
12052724
12054751
12055792
12058717
12060183
12060196
12066011
12067660
12072811
12074016
12075251
12081222
12086811
12087735
12088241
12088769
12090724
12090916
12095039
12095130
12096186
12096557
12097866
12099661
12102097
12104548
12104983
12107136
12107437
12108236
12108473
12108677
12108925
12109103
12118087
12118646
12119549
12119728
12123401
12124714
12130414
12133326
12136257
12139052
12141781
12141900
12142049
12142306
12142618
12143104
12143169
12143454
12150635
12152468
12152493
12155201
12159106
12159281
12161443
12164950
12172756
12176051
12177378
12178641
12181525
12181855
12181901
12182243
12182793
12186150
12186181
12186192
12186355
12191581
12191792
12191894
12193171
12193511
12194520
12194570
12196491
12197027
12198787
12200007
12200687
12201046
12202537
12202741
12202987
12204399
12204592
12205483
12207284
12208192
12211907
12212900
12216823
12217037
12217155
12224888
12228574
12230310
12235044
12237435
12237693
12237974
12238868
12242828
12243773
12247012
12248701
12249506
12250178
12251954
12257364
12257560
12257776
12259409
12260455
12263391
12267562
12270048
12273873
12274230
12275216
12288772
12292810
12297127
12297140
12299479
12304236
12311938
12312173
12315670
12316158
12318799
12323498
12323844
12324270
12325842
12329761
12329784
12329802
12331968
12332234
12340853
12341126
12343229
12343826
12348129
12348973
12349959
12351066
12351113
12351227
12351343
12351409
12351714
12351835
12351905
12354597
12356612
12356774
12360718
12362236
12365264
12369931
12370007
12384046
12391180
12396865
12397048
12397173
12397346
12397428
12397546
12397660
12399937
12403694
12404832
12404973
12405523
12409074
12410652
12412107
12413331
12413425
12413773
12419572
12419677
12420555
12424632
12426817
12426998
12427238
12427509
12427844
12428026
12430554
12434363
12434614
12435101
12438191
12440049
12441553
12442623
12442866
12443043
12443166
12445530
12447799
12448242
12448624
12450569
12451157
12451234
12451603
12452353
12452409
12452433
12453221
12453334
12454325
12454496
12458268
12458858
12463050
12464550
12464675
12464807
12465568
12465650
12469121
12470279
12470355
12473336
12475166
12475426
12475618
12476288
12476629
12476763
12476911
12482491
12484038
12484363
12489552
12491147
12492791
12493580
12495090
12495185
12495305
12495531
12496493
12497854
12499999
12503120
12506330
12508164
12508687
12508744
12510905
12512444
12513477
12513769
12519639
12522298
12525370
12525521
12525602
12526334
12528117
12530293
12530504
12530640
12534436
12534903
12535206
12535226
12538578
12538826
12541640
12542133
12542326
12544302
12544650
12546092
12546203
12547850
12548479
12553644
12554061
12555120
12555279
12555437
12555961
12558606
12560302
12560605
12560972
12564048
12564158
12564333
12564374
12564752
12565725
12572375
12572555
12577439
12588048
12588215
12589050
12590737
12593669
12596941
12601275
12602588
12602929
12603113
12607033
12607276
12608581
12608689
12609122
12612808
12629761
12631391
12632000
12633663
12636093
12636276
12636564
12641562
12644857
12645541
12645969
12649263
12649747
12650508
12652987
12653059
12653358
12655544
12657902
12658747
12659614
12674176
12681238
12697782
12697961
12700936
12702017
12702449
12702892
12703080
12703805
12704571
12704640
12705618
12705910
12706184
12708965
12711376
12713140
12714714
12716167
12718287
12720533
12720852
12722237
12722545
12727739
12727822
12731050
12735655
12735865
12736341
12736717
12739426
12740394
12744418
12745112
12745436
12749463
12749926
12757559
12757690
12758092
12760263
12760319
12765268
12772387
12776896
12779064
12779382
12781698
12787019
12787150
12788642
12789257
12789752
12792915
12793049
12795336
12802380
12803562
12806075
12806596
12807110
12807359
12807488
12807588
12807810
12809064
12809290
12811133
12817476
12818319
12818933
12818955
12819232
12825857
12826064
12827776
12830842
12833054
12836509
12836708
12837860
12837946
12837978
12838662
12841806
12843542
12843973
12844176
12846107
12849522
12850853
12853033
12853273
12854815
12855539
12855583
12855716
12855935
12856011
12856104
12856285
12856414
12858515
12860326
12860366
12860484
12862422
12866659
12872380
12872513
12872934
12873307
12873500
12873796
12874284
12875607
12875726
12875981
12877263
12878383
12880279
12882356
12888176
12888893
12889135
12890368
12892032
12892346
12894460
12894560
12904306
12904315
12905004
12908386
12911646
12919760
12920105
12923125
12923218
12923345
12923938
12927097
12927230
12927633
12928247
12928696
12934794
12934897
12935154
12935312
12944784
12945099
12947500
12951291
12956845
12957788
12961317
12961877
12962033
12963820
12965803
12966089
12966362
12967727
12968130
12968206
12970397
12972268
12972757
12974250
12976716
12981372
12981397
12983355
12984552
12985191
12986268
12986307
12988406
12990445
12992205
12992261
12994845
12999807
13000005
13000580
13001623
13003103
13003159
13003430
13003503
13003537
13005556
13006067
13006582
13009241
13011873
13012830
13013280
13015812
13015914
13020303
13022923
13024007
13024028
13025681
13026565
13026770
13026861
13026879
13028404
13028489
13028678
13031553
13032270
13034287
13034484
13034951
13034994
13036576
13038623
13040847
13041520
13042988
13043261
13044440
13044527
13045338
13046210
13047445
13047791
13047848
13048232
13048338
13049412
13049682
13050225
13051531
13051810
13054278
13055072
13057095
13057356
13059729
13059837
13059997
13060143
13060234
13060334
13062738
13062853
13063834
13063919
13064170
13064671
13065319
13065401
13067450
13067617
13069305
13070090
13070191
13070305
13071334
13071438
13071528
13071605
13073223
13074060
13074562
13074812
13075023
13075133
13075693
13075934
13077584
13077977
13079978
13080290
13080828
13082216
13082224
13083805
13084267
13084828
13085206
13085463
13087831
13088293
13088453
13090650
13090819
13091817
13091914
13092267
13092315
13093196
13093506
13094416
13094595
13096082
13096150
13096695
13097907
13098049
13098491
13100120
13100845
13100950
13103170
13105975
13106521
13106755
13107119
13108859
13109000
13109168
13109872
13111446
13111842
13113568
13113607
13113746
13115438
13117762
13118144
13118180
13118268
13119776
13120188
13120539
13120593
13120630
13122729
13122831
13122882
13123098
13123248
13123315
13123361
13123484
13124322
13124733
13125156
13125395
13125848
13126676
13127467
13128153
13128898
13128906
13128985
13129008
13129177
13132319
13132378
13132856
13132945
13134373
13134407
13134824
13135541
13135721
13135964
13136228
13136410
13136862
13137032
13138489
13139784
13139899
13139955
13139980
13140066
13140234
13140851
13143115
13144455
13144655
13145230
13145436
13147034
13147794
13149075
13149574
13149708
13149867
13150197
13150668
13150734
13150798
13150915
13151538
13152401
13152921
13153034
13153278
13153963
13154053
13154492
13154905
13155021
13155052
13155202
13155510
13155744
13156276
13156293
13156874
13157119
13157688
13157761
13157816
13157839
13157955
13157983
13158095
13158296
13158525
13160378
13161536
13161607
13161970
13162051
13162122
13162246
13162610
13164501
13165245
13166502
13166915
13167389
13167971
13168102
13168276
13168289
13170047
13170699
13170862
13171215
13172045
13172158
13174418
13174655
13176249
13177756
13179629
13180056
13183122
13183186
13183272
13183304
13183332
13183461
13183674
13184087
13184469
13184582
13184683
13185613
13185657
13185818
13186216
13186763
13186779
13187002
13187392
13187542
13187671
13188012
13188893
13189408
13189664
13190456
13190667
13190934
13191063
13191522
13191595
13191688
13191959
13192720
13193870
13193974
13194539
13194883
13195234
13196360
13197009
13199830
13199964
13200818
13201169
13201239
13201284
13201688
13202084
13202353
13202454
13202479
13203641
13205831
13205902
13206084
13206136
13206220
13211858
13214333
13215138
13216748
13216926
13218701
13219391
13221987
13223644
13227990
13228003
13229001
13229076
13229184
13229594
13229643
13230030
13230106
13230218
13230971
13231017
13231061
13231411
13232182
13232835
13233475
13236398
13236473
13237291
13239145
13239409
13241804
13242690
13243880
13244646
13245553
13247534
